1 6 3
1 7 3
1 8 3
6 7 3
6 8 3
7 8 3
2 14 4
3 5 5
3 13 5
5 13 5
4 12 6
3 4 7
6 7 10
6 8 10
6 14 10
7 8 10
7 14 10
8 14 10
7 8 11
0 2 14
0 14 14
2 14 14
4 5 17
4 12 17
5 12 17
6 8 19
6 14 19
8 14 19
5 13 20
5 11 21
5 12 21
11 12 21
10 15 26
2 14 29
2 15 29
14 15 29
5 11 30
5 13 30
11 13 30
8 14 31
11 13 35
3 4 37
3 13 37
4 13 37
6 7 41
5 12 43
6 7 48
2 5 51
2 9 51
5 9 51
6 7 53
2 14 54
2 9 56
2 10 57
0 14 62
0 9 64
0 14 64
9 14 64
0 9 66
7 8 67
7 10 67
8 10 67
0 2 68
2 10 70
0 9 72
0 2 73
6 10 74
6 14 74
6 15 74
10 14 74
10 15 74
14 15 74
2 5 76
2 14 81
0 2 84
0 9 84
2 9 84
2 9 88
2 7 94
2 8 94
7 8 94
10 14 95
2 7 98
2 8 98
2 14 98
7 8 98
7 14 98
8 14 98
6 10 99
6 15 99
10 15 99
8 10 100
0 2 102
0 9 102
0 14 102
2 9 102
2 14 102
9 14 102
5 12 103
1 6 104
1 8 104
1 10 104
1 15 104
6 8 104
6 10 104
6 15 104
8 10 104
8 15 104
10 15 104
5 11 105
5 12 105
11 12 105
7 10 107
2 7 108
7 18 109
9 12 110
0 5 112
0 17 112
5 17 112
2 14 113
11 12 115
4 5 116
4 11 116
4 12 116
4 13 116
5 11 116
5 12 116
5 13 116
11 12 116
11 13 116
12 13 116
2 14 117
2 7 118
2 8 119
2 9 119
2 10 119
2 14 119
2 15 119
8 9 119
8 10 119
8 14 119
8 15 119
9 10 119
9 14 119
9 15 119
10 14 119
10 15 119
14 15 119
8 15 122
7 9 123
4 11 124
4 12 124
4 13 124
4 17 124
11 12 124
11 13 124
11 17 124
12 13 124
12 17 124
13 17 124
10 15 126
14 18 127
9 14 128
2 9 129
4 5 130
4 13 130
4 17 130
5 13 130
5 17 130
13 17 130
7 8 131
7 14 131
8 14 131
6 8 132
6 9 132
8 9 132
0 4 133
0 5 133
0 12 133
0 13 133
0 17 133
4 5 133
4 12 133
4 13 133
4 17 133
5 12 133
5 13 133
5 17 133
12 13 133
12 17 133
13 17 133
7 18 134
6 10 137
14 19 142
4 5 144
5 11 146
5 13 146
11 13 146
8 14 148
8 15 148
14 15 148
9 14 150
2 6 153
2 8 153
2 9 153
2 14 153
2 18 153
2 27 153
6 8 153
6 9 153
6 14 153
6 18 153
6 27 153
8 9 153
8 14 153
8 18 153
8 27 153
9 14 153
9 18 153
9 27 153
14 18 153
14 27 153
18 27 153
8 10 154
8 15 154
8 18 154
10 15 154
10 18 154
15 18 154
6 8 156
6 10 156
6 15 156
8 10 156
8 15 156
10 15 156
8 10 158
4 5 159
4 11 159
4 19 159
5 11 159
5 19 159
11 19 159
6 15 162
10 15 163
5 11 167
0 11 169
1 7 171
1 8 171
1 20 171
7 8 171
7 20 171
8 20 171
7 10 172
10 16 174
10 18 174
10 20 174
16 18 174
16 20 174
18 20 174
2 8 184
1 10 185
2 7 188
2 8 188
2 18 188
7 8 188
7 18 188
8 18 188
2 7 189
2 8 189
2 18 189
7 8 189
7 18 189
8 18 189
1 8 191
1 15 191
1 20 191
8 15 191
8 20 191
15 20 191
2 9 192
2 14 192
9 14 192
7 14 193
7 15 193
14 15 193
10 15 195
10 18 195
15 18 195
6 7 196
6 8 196
6 20 196
7 8 196
7 20 196
8 20 196
0 2 197
7 10 198
4 5 199
4 11 199
4 12 199
4 13 199
4 19 199
5 11 199
5 12 199
5 13 199
5 19 199
11 12 199
11 13 199
11 19 199
12 13 199
12 19 199
13 19 199
6 7 200
6 8 200
6 17 200
6 18 200
7 8 200
7 17 200
7 18 200
8 17 200
8 18 200
17 18 200
10 20 201
6 10 202
6 17 202
10 17 202
7 14 206
7 8 207
0 2 208
0 13 208
2 13 208
2 14 209
7 8 211
7 18 211
8 18 211
18 21 213
1 15 217
1 20 219
10 20 222
1 8 224
1 10 224
1 15 224
1 18 224
8 10 224
8 15 224
8 18 224
10 15 224
10 18 224
15 18 224
8 22 225
2 7 226
2 18 226
7 18 226
8 15 230
8 20 231
14 17 233
0 2 235
0 9 235
0 14 235
0 17 235
2 9 235
2 14 235
2 17 235
9 14 235
9 17 235
14 17 235
5 11 236
5 12 236
5 13 236
11 12 236
11 13 236
12 13 236
2 14 237
2 18 237
14 18 237
6 7 238
6 15 238
7 15 238
0 14 239
5 11 241
0 2 244
0 9 244
0 14 244
0 17 244
2 9 244
2 14 244
2 17 244
9 14 244
9 17 244
14 17 244
2 9 245
11 12 246
0 2 247
0 9 247
0 14 247
0 17 247
0 26 247
2 9 247
2 14 247
2 17 247
2 26 247
9 14 247
9 17 247
9 26 247
14 17 247
14 26 247
17 26 247
10 20 249
5 13 251
10 15 252
2 7 253
1 6 254
1 8 254
1 10 254
1 15 254
6 8 254
6 10 254
6 15 254
8 10 254
8 15 254
10 15 254
2 7 256
2 14 256
7 14 256
5 11 257
5 12 257
11 12 257
2 14 258
2 17 258
14 17 258
6 10 259
6 18 259
10 18 259
0 14 260
5 11 261
5 11 265
5 12 265
5 13 265
11 12 265
11 13 265
12 13 265
8 10 268
0 2 271
0 9 271
0 14 271
0 17 271
2 9 271
2 14 271
2 17 271
9 14 271
9 17 271
14 17 271
1 2 272
1 6 272
1 8 272
1 14 272
1 15 272
1 18 272
1 20 272
1 22 272
1 28 272
2 6 272
2 8 272
2 14 272
2 15 272
2 18 272
2 20 272
2 22 272
2 28 272
6 8 272
6 14 272
6 15 272
6 18 272
6 20 272
6 22 272
6 28 272
8 14 272
8 15 272
8 18 272
8 20 272
8 22 272
8 28 272
14 15 272
14 18 272
14 20 272
14 22 272
14 28 272
15 18 272
15 20 272
15 22 272
15 28 272
18 20 272
18 22 272
18 28 272
20 22 272
20 28 272
22 28 272
6 8 273
6 20 273
8 20 273
0 7 274
0 9 274
0 17 274
7 9 274
7 17 274
9 17 274
1 2 276
1 6 276
1 10 276
1 15 276
1 17 276
1 18 276
1 29 276
2 6 276
2 10 276
2 15 276
2 17 276
2 18 276
2 29 276
6 10 276
6 15 276
6 17 276
6 18 276
6 29 276
10 15 276
10 17 276
10 18 276
10 29 276
15 17 276
15 18 276
15 29 276
17 18 276
17 29 276
18 29 276
1 26 278
10 15 278
10 16 278
10 18 278
10 20 278
10 22 278
10 24 278
10 30 278
15 16 278
15 18 278
15 20 278
15 22 278
15 24 278
15 30 278
16 18 278
16 20 278
16 22 278
16 24 278
16 30 278
18 20 278
18 22 278
18 24 278
18 30 278
20 22 278
20 24 278
20 30 278
22 24 278
22 30 278
24 30 278
4 5 280
4 12 280
5 12 280
1 6 281
1 7 281
1 8 281
1 10 281
1 15 281
1 18 281
1 25 281
1 31 281
6 7 281
6 8 281
6 10 281
6 15 281
6 18 281
6 25 281
6 31 281
7 8 281
7 10 281
7 15 281
7 18 281
7 25 281
7 31 281
8 10 281
8 15 281
8 18 281
8 25 281
8 31 281
10 15 281
10 18 281
10 25 281
10 31 281
15 18 281
15 25 281
15 31 281
18 25 281
18 31 281
25 31 281
0 14 282
0 7 284
0 17 284
7 17 284
6 7 285
6 8 285
6 10 285
6 15 285
7 8 285
7 10 285
7 15 285
8 10 285
8 15 285
10 15 285
0 2 287
0 14 287
0 17 287
2 14 287
2 17 287
14 17 287
4 5 289
4 13 289
5 13 289
12 14 290
1 10 291
1 15 291
1 20 291
10 15 291
10 20 291
15 20 291
2 17 292
2 7 293
2 14 293
7 14 293
15 18 294
1 15 295
1 20 295
15 20 295
2 7 296
2 14 296
7 14 296
8 10 297
8 18 297
8 22 297
10 18 297
10 22 297
18 22 297
2 7 299
2 8 299
2 18 299
7 8 299
7 18 299
8 18 299
7 22 300
4 5 301
4 12 301
5 12 301
0 9 302
0 14 302
0 19 302
9 14 302
9 19 302
14 19 302
1 8 303
0 7 305
0 9 305
0 17 305
0 18 305
0 19 305
7 9 305
7 17 305
7 18 305
7 19 305
9 17 305
9 18 305
9 19 305
17 18 305
17 19 305
18 19 305
0 2 306
0 9 306
0 18 306
2 9 306
2 18 306
9 18 306
4 13 307
2 7 308
6 8 311
6 10 311
6 15 311
6 20 311
6 22 311
6 23 311
6 32 311
8 10 311
8 15 311
8 20 311
8 22 311
8 23 311
8 32 311
10 15 311
10 20 311
10 22 311
10 23 311
10 32 311
15 20 311
15 22 311
15 23 311
15 32 311
20 22 311
20 23 311
20 32 311
22 23 311
22 32 311
23 32 311
2 9 312
2 14 312
9 14 312
0 9 315
4 5 316
4 12 316
4 13 316
5 12 316
5 13 316
12 13 316
4 5 321
4 13 321
5 13 321
0 2 323
10 18 324
6 8 325
6 15 325
8 15 325
6 8 326
6 18 326
8 18 326
0 2 327
6 7 329
6 8 329
6 18 329
7 8 329
7 18 329
8 18 329
0 2 331
0 7 331
0 8 331
2 7 331
2 8 331
7 8 331
1 10 336
1 15 336
10 15 336
0 7 338
1 20 340
10 18 342
10 20 342
18 20 342
2 7 343
2 10 347
2 15 347
10 15 347
6 8 349
6 21 349
8 21 349
2 17 351
7 8 352
7 10 352
8 10 352
2 6 361
5 12 362
5 13 362
12 13 362
3 5 363
3 12 363
3 13 363
5 12 363
5 13 363
12 13 363
14 19 367
0 4 368
0 5 368
4 5 368
2 13 370
6 8 375
6 10 375
8 10 375
5 8 377
5 24 377
8 24 377
10 24 378
3 25 380
0 2 382
0 9 382
2 9 382
3 5 383
10 20 384
10 20 386
9 17 388
14 19 391
6 23 397
6 25 397
23 25 397
4 5 398
6 7 401
6 7 403
6 21 403
7 21 403
7 18 404
6 18 408
5 12 413
5 13 413
12 13 413
5 13 417
