0 38 1
1 3 1
1 7 1
1 10 1
1 12 1
1 13 1
1 15 1
2 5 1
2 7 1
2 9 1
2 10 1
2 16 1
3 5 1
3 9 1
3 12 1
3 15 1
4 1 1
4 2 1
4 3 1
4 6 1
4 7 1
4 8 1
4 9 1
4 11 1
4 13 1
4 38 1
4 17 1
5 39 1
5 8 1
5 14 1
5 38 1
5 15 1
6 0 1
6 1 1
6 2 1
6 5 1
6 7 1
6 39 1
6 8 1
6 9 1
6 10 1
6 11 1
6 12 1
6 13 1
6 14 1
6 38 1
6 15 1
6 16 1
7 3 1
7 5 1
7 39 1
7 8 1
7 9 1
7 10 1
7 14 1
7 15 1
8 0 1
8 14 1
9 14 1
9 16 1
10 5 1
11 3 1
11 5 1
11 8 1
11 10 1
11 12 1
11 13 1
11 15 1
11 17 1
12 3 1
12 14 1
12 15 1
12 16 1
13 7 1
13 8 1
13 9 1
13 10 1
13 14 1
13 38 1
14 7 1
14 39 1
14 11 1
14 15 1
15 5 1
15 8 1
15 13 1
15 16 1
16 38 1
17 0 1
17 9 1
17 13 1
17 14 1
18 2 1
18 6 1
18 7 1
18 8 1
18 9 1
18 11 1
18 14 1
18 16 1
18 17 1
0 7 2
0 8 2
0 9 2
0 14 2
0 15 2
1 0 2
1 39 2
1 9 2
1 10 2
1 13 2
1 14 2
2 0 2
2 1 2
2 5 2
2 6 2
2 7 2
2 8 2
3 0 2
3 5 2
3 39 2
3 9 2
3 10 2
3 12 2
3 13 2
3 14 2
3 15 2
3 16 2
4 2 2
4 6 2
4 7 2
4 8 2
4 11 2
4 15 2
4 16 2
5 7 2
5 8 2
5 9 2
5 10 2
5 38 2
5 15 2
5 16 2
6 1 2
6 5 2
6 7 2
6 39 2
6 9 2
6 10 2
6 12 2
6 13 2
6 14 2
6 38 2
6 15 2
7 39 2
7 9 2
7 10 2
7 13 2
7 38 2
8 0 2
8 6 2
8 7 2
8 9 2
8 13 2
8 14 2
11 0 2
11 1 2
11 3 2
11 5 2
11 6 2
11 8 2
11 12 2
11 13 2
11 14 2
11 16 2
11 17 2
12 0 2
12 3 2
12 7 2
12 8 2
12 9 2
12 13 2
12 14 2
12 16 2
13 7 2
13 8 2
13 9 2
13 10 2
13 14 2
13 38 2
13 16 2
14 7 2
14 38 2
14 15 2
14 16 2
15 8 2
15 13 2
15 38 2
15 16 2
16 0 2
16 9 2
16 14 2
16 38 2
17 0 2
17 3 2
17 5 2
17 7 2
17 8 2
17 9 2
17 12 2
17 13 2
17 14 2
17 16 2
18 2 2
18 6 2
18 8 2
18 11 2
0 8 3
0 9 3
0 14 3
0 16 3
1 0 3
1 3 3
1 7 3
1 13 3
1 38 3
1 16 3
2 0 3
2 5 3
2 39 3
3 0 3
3 5 3
3 7 3
3 8 3
3 9 3
3 10 3
3 12 3
3 13 3
3 14 3
3 38 3
3 15 3
3 16 3
4 1 3
4 2 3
4 6 3
4 11 3
4 12 3
4 14 3
4 15 3
4 16 3
5 0 3
5 3 3
5 6 3
5 8 3
5 9 3
5 13 3
5 38 3
5 15 3
6 0 3
6 3 3
6 5 3
6 7 3
6 8 3
6 9 3
6 12 3
6 13 3
6 14 3
6 15 3
6 16 3
7 1 3
7 3 3
7 9 3
7 13 3
7 16 3
8 0 3
8 3 3
8 7 3
8 9 3
8 10 3
8 14 3
8 16 3
9 5 3
9 14 3
9 16 3
10 14 3
10 15 3
11 0 3
11 6 3
11 8 3
11 9 3
11 12 3
11 13 3
11 16 3
12 0 3
12 3 3
12 8 3
12 9 3
12 10 3
12 13 3
13 7 3
13 39 3
13 8 3
13 9 3
13 10 3
13 14 3
13 38 3
13 15 3
13 16 3
14 0 3
14 38 3
14 15 3
15 39 3
15 8 3
15 13 3
15 38 3
15 16 3
16 0 3
16 3 3
16 7 3
16 9 3
16 14 3
16 38 3
17 0 3
17 3 3
17 5 3
17 6 3
17 7 3
17 39 3
17 12 3
17 13 3
17 14 3
18 0 3
18 2 3
18 3 3
18 6 3
18 11 3
18 12 3
18 13 3
18 16 3
0 2 4
0 39 4
0 8 4
0 9 4
0 10 4
0 15 4
0 16 4
1 0 4
1 2 4
1 3 4
1 6 4
1 7 4
1 12 4
1 13 4
2 0 4
2 5 4
2 13 4
2 14 4
2 38 4
2 16 4
2 17 4
3 0 4
3 2 4
3 7 4
3 8 4
3 9 4
3 10 4
3 12 4
3 13 4
3 15 4
4 2 4
4 5 4
4 6 4
4 7 4
4 9 4
4 10 4
4 11 4
4 13 4
4 14 4
4 38 4
4 16 4
4 17 4
5 0 4
5 7 4
5 8 4
5 9 4
5 13 4
5 38 4
5 16 4
6 5 4
6 7 4
6 8 4
6 9 4
6 10 4
6 12 4
6 13 4
6 38 4
6 15 4
6 16 4
7 39 4
7 9 4
7 10 4
7 12 4
7 13 4
7 15 4
7 16 4
8 0 4
8 7 4
8 9 4
8 10 4
8 14 4
8 38 4
9 10 4
9 15 4
9 16 4
10 39 4
10 15 4
10 16 4
11 0 4
11 1 4
11 2 4
11 3 4
11 5 4
11 6 4
11 7 4
11 8 4
11 9 4
11 10 4
11 12 4
11 13 4
11 14 4
11 16 4
11 17 4
12 0 4
12 2 4
12 3 4
12 7 4
12 8 4
12 9 4
12 10 4
12 13 4
12 15 4
12 16 4
13 7 4
13 8 4
13 9 4
13 10 4
13 11 4
13 14 4
13 15 4
13 16 4
14 7 4
14 39 4
14 38 4
15 2 4
15 39 4
15 13 4
15 38 4
15 16 4
16 14 4
16 38 4
17 0 4
17 2 4
17 3 4
17 6 4
17 7 4
17 10 4
17 12 4
17 13 4
17 16 4
18 0 4
18 2 4
18 3 4
18 4 4
18 5 4
18 6 4
18 11 4
18 12 4
18 13 4
