1 5 1
1 6 1
5 6 1
1 5 2
1 6 2
5 6 2
2 4 3
1 3 5
1 6 5
3 6 5
1 3 8
1 5 8
3 5 8
1 3 9
1 5 9
1 6 9
1 36 9
3 5 9
3 6 9
3 36 9
5 6 9
5 36 9
6 36 9
1 3 11
1 5 11
1 6 11
3 5 11
3 6 11
5 6 11
1 7 14
3 6 15
6 8 16
3 5 17
1 5 18
1 6 18
5 6 18
1 3 22
1 5 22
3 5 22
9 13 23
9 10 25
1 5 27
1 6 27
1 7 27
5 6 27
5 7 27
6 7 27
5 12 28
6 7 29
13 21 30
1 3 32
7 9 33
13 15 36
13 28 36
15 28 36
14 21 39
6 7 43
17 27 46
10 18 47
2 27 52
2 32 52
27 32 52
11 20 54
11 24 54
20 24 54
11 20 55
7 11 58
7 13 58
7 20 58
11 13 58
11 20 58
13 20 58
0 2 59
0 4 59
2 4 59
11 20 62
16 33 64
7 24 68
8 10 69
8 15 69
10 15 69
16 19 71
16 37 71
19 37 71
1 3 73
1 5 73
1 12 73
1 25 73
1 43 73
3 5 73
3 12 73
3 25 73
3 43 73
5 12 73
5 25 73
5 43 73
12 25 73
12 43 73
25 43 73
7 11 75
7 13 75
11 13 75
1 3 76
1 6 76
1 7 76
1 12 76
3 6 76
3 7 76
3 12 76
6 7 76
6 12 76
7 12 76
2 4 78
2 17 78
2 18 78
2 27 78
2 32 78
4 17 78
4 18 78
4 27 78
4 32 78
17 18 78
17 27 78
17 32 78
18 27 78
18 32 78
27 32 78
0 2 80
13 25 83
17 27 86
17 32 86
27 32 86
1 12 88
13 20 89
7 20 91
7 24 91
20 24 91
13 30 94
13 35 94
30 35 94
4 18 95
4 20 95
18 20 95
5 23 96
4 11 97
4 15 97
4 20 97
4 28 97
11 15 97
11 20 97
11 28 97
15 20 97
15 28 97
20 28 97
11 13 99
11 15 99
11 18 99
11 20 99
13 15 99
13 18 99
13 20 99
15 18 99
15 20 99
18 20 99
9 20 103
7 20 106
6 7 107
7 14 108
7 20 108
14 20 108
3 5 109
3 6 109
3 12 109
5 6 109
5 12 109
6 12 109
29 42 111
7 10 112
7 13 112
10 13 112
15 20 116
15 25 116
20 25 116
1 12 122
10 15 123
10 20 123
15 20 123
7 12 124
16 21 126
1 25 127
20 24 128
13 25 130
6 11 132
6 31 132
11 31 132
7 8 133
7 18 133
8 18 133
3 5 134
3 6 134
5 6 134
21 33 135
5 13 136
5 31 136
13 31 136
25 31 140
1 3 141
1 5 141
1 6 141
1 12 141
3 5 141
3 6 141
3 12 141
5 6 141
5 12 141
6 12 141
5 12 143
5 31 143
12 31 143
8 18 145
10 11 146
10 13 146
10 20 146
10 24 146
11 13 146
11 20 146
11 24 146
13 20 146
13 24 146
20 24 146
2 17 150
13 20 151
13 21 151
13 33 151
20 21 151
20 33 151
21 33 151
3 6 152
3 25 154
3 5 155
3 6 155
3 31 155
5 6 155
5 31 155
6 31 155
4 10 156
4 11 156
4 13 156
4 15 156
4 20 156
10 11 156
10 13 156
10 15 156
10 20 156
11 13 156
11 15 156
11 20 156
13 15 156
13 20 156
15 20 156
3 6 158
5 6 159
5 31 159
6 31 159
10 13 160
10 15 160
10 20 160
10 25 160
13 15 160
13 20 160
13 25 160
15 20 160
15 25 160
20 25 160
1 6 162
1 18 162
1 34 162
1 43 162
6 18 162
6 34 162
6 43 162
18 34 162
18 43 162
34 43 162
0 2 164
0 26 164
2 26 164
10 11 166
10 13 166
10 20 166
11 13 166
11 20 166
13 20 166
11 20 169
5 12 170
5 13 170
5 25 170
5 31 170
12 13 170
12 25 170
12 31 170
13 25 170
13 31 170
25 31 170
1 6 171
1 13 171
6 13 171
10 20 172
4 10 179
4 15 179
4 20 179
4 28 179
10 15 179
10 20 179
10 28 179
15 20 179
15 28 179
20 28 179
16 19 180
16 21 180
16 29 180
16 30 180
16 35 180
16 37 180
19 21 180
19 29 180
19 30 180
19 35 180
19 37 180
21 29 180
21 30 180
21 35 180
21 37 180
29 30 180
29 35 180
29 37 180
30 35 180
30 37 180
35 37 180
14 21 181
14 33 181
14 35 181
14 41 181
21 33 181
21 35 181
21 41 181
33 35 181
33 41 181
35 41 181
16 19 182
16 29 182
16 30 182
16 37 182
19 29 182
19 30 182
19 37 182
29 30 182
29 37 182
30 37 182
14 33 183
14 35 183
14 41 183
33 35 183
33 41 183
35 41 183
14 16 184
14 19 184
14 21 184
14 29 184
14 33 184
14 35 184
14 37 184
16 19 184
16 21 184
16 29 184
16 33 184
16 35 184
16 37 184
19 21 184
19 29 184
19 33 184
19 35 184
19 37 184
21 29 184
21 33 184
21 35 184
21 37 184
29 33 184
29 35 184
29 37 184
33 35 184
33 37 184
35 37 184
2 4 185
2 6 185
2 7 185
2 11 185
2 12 185
2 18 185
2 20 185
2 30 185
4 6 185
4 7 185
4 11 185
4 12 185
4 18 185
4 20 185
4 30 185
6 7 185
6 11 185
6 12 185
6 18 185
6 20 185
6 30 185
7 11 185
7 12 185
7 18 185
7 20 185
7 30 185
11 12 185
11 18 185
11 20 185
11 30 185
12 18 185
12 20 185
12 30 185
18 20 185
18 30 185
20 30 185
1 6 187
1 25 187
6 25 187
14 16 192
14 19 192
14 30 192
14 33 192
14 35 192
14 37 192
16 19 192
16 30 192
16 33 192
16 35 192
16 37 192
19 30 192
19 33 192
19 35 192
19 37 192
30 33 192
30 35 192
30 37 192
33 35 192
33 37 192
35 37 192
29 30 193
29 33 193
29 37 193
30 33 193
30 37 193
33 37 193
1 5 194
1 6 194
1 12 194
1 17 194
1 43 194
5 6 194
5 12 194
5 17 194
5 43 194
6 12 194
6 17 194
6 43 194
12 17 194
12 43 194
17 43 194
0 2 197
0 26 197
2 26 197
2 26 200
2 18 202
1 3 203
1 5 203
1 6 203
1 7 203
1 12 203
1 25 203
1 31 203
1 36 203
1 44 203
3 5 203
3 6 203
3 7 203
3 12 203
3 25 203
3 31 203
3 36 203
3 44 203
5 6 203
5 7 203
5 12 203
5 25 203
5 31 203
5 36 203
5 44 203
6 7 203
6 12 203
6 25 203
6 31 203
6 36 203
6 44 203
7 12 203
7 25 203
7 31 203
7 36 203
7 44 203
12 25 203
12 31 203
12 36 203
12 44 203
25 31 203
25 36 203
25 44 203
31 36 203
31 44 203
36 44 203
3 6 205
3 34 205
6 34 205
8 18 206
8 44 206
18 44 206
1 13 208
3 5 209
3 12 209
3 13 209
5 12 209
5 13 209
12 13 209
6 43 210
5 13 211
5 25 211
5 43 211
6 12 211
13 25 211
13 43 211
25 43 211
32 33 212
12 31 213
14 16 219
14 21 219
14 30 219
14 35 219
14 41 219
16 21 219
16 30 219
16 35 219
16 41 219
21 30 219
21 35 219
21 41 219
30 35 219
30 41 219
35 41 219
2 4 220
1 6 222
1 25 222
6 25 222
14 15 223
14 16 223
14 29 223
14 30 223
14 33 223
14 37 223
15 16 223
15 29 223
15 30 223
15 33 223
15 37 223
16 29 223
16 30 223
16 33 223
16 37 223
29 30 223
29 33 223
29 37 223
30 33 223
30 37 223
33 37 223
2 24 226
13 20 227
4 6 229
4 15 229
4 18 229
4 24 229
4 26 229
4 43 229
6 15 229
6 18 229
6 24 229
6 26 229
6 43 229
15 18 229
15 24 229
15 26 229
15 43 229
18 24 229
18 26 229
18 43 229
24 26 229
24 43 229
26 43 229
21 33 230
21 37 230
21 38 230
33 37 230
33 38 230
37 38 230
18 24 232
18 26 232
18 28 232
24 26 232
24 28 232
26 28 232
19 21 234
19 35 234
21 35 234
13 38 236
2 13 237
2 4 238
2 13 238
2 18 238
2 20 238
2 24 238
4 13 238
4 18 238
4 20 238
4 24 238
13 18 238
13 20 238
13 24 238
18 20 238
18 24 238
20 24 238
29 30 239
29 37 239
30 37 239
14 16 240
14 19 240
14 21 240
14 30 240
14 33 240
14 35 240
14 41 240
16 19 240
16 21 240
16 30 240
16 33 240
16 35 240
16 41 240
19 21 240
19 30 240
19 33 240
19 35 240
19 41 240
21 30 240
21 33 240
21 35 240
21 41 240
30 33 240
30 35 240
30 41 240
33 35 240
33 41 240
35 41 240
10 11 241
10 20 241
11 20 241
1 2 242
1 5 242
1 11 242
1 31 242
2 5 242
2 11 242
2 31 242
5 11 242
5 31 242
11 31 242
21 33 244
14 33 246
14 37 246
33 37 246
2 37 247
14 19 249
14 30 249
14 33 249
14 41 249
19 30 249
19 33 249
19 41 249
30 33 249
30 41 249
33 41 249
1 5 250
1 6 250
1 25 250
5 6 250
5 25 250
6 25 250
11 15 251
11 20 251
11 21 251
11 28 251
11 29 251
15 20 251
15 21 251
15 28 251
15 29 251
20 21 251
20 28 251
20 29 251
21 28 251
21 29 251
28 29 251
14 16 252
14 16 254
14 19 254
14 21 254
14 29 254
14 35 254
14 37 254
16 19 254
16 21 254
16 29 254
16 35 254
16 37 254
19 21 254
19 29 254
19 35 254
19 37 254
21 29 254
21 35 254
21 37 254
29 35 254
29 37 254
35 37 254
10 33 255
35 41 256
4 13 257
4 14 257
4 29 257
4 30 257
4 37 257
13 14 257
13 29 257
13 30 257
13 37 257
14 29 257
14 30 257
14 37 257
29 30 257
29 37 257
30 37 257
7 16 259
7 18 259
7 29 259
7 30 259
7 37 259
16 18 259
16 29 259
16 30 259
16 37 259
18 29 259
18 30 259
18 37 259
29 30 259
29 37 259
30 37 259
13 18 260
13 20 260
13 30 260
13 41 260
18 20 260
18 30 260
18 41 260
20 30 260
20 41 260
30 41 260
27 29 264
7 37 267
1 3 271
1 5 271
1 6 271
1 8 271
1 25 271
3 5 271
3 6 271
3 8 271
3 25 271
5 6 271
5 8 271
5 25 271
6 8 271
6 25 271
8 25 271
2 7 274
2 13 274
7 13 274
1 5 276
1 6 276
1 22 276
5 6 276
5 22 276
6 22 276
10 16 278
10 27 278
10 30 278
16 27 278
16 30 278
27 30 278
29 37 279
29 45 279
37 45 279
16 33 280
16 37 280
33 37 280
11 15 282
1 5 283
1 6 283
5 6 283
1 7 284
1 10 284
1 20 284
7 10 284
7 20 284
10 20 284
0 11 287
0 23 287
11 23 287
11 22 288
29 30 292
7 13 295
7 33 295
13 33 295
11 20 296
11 26 296
11 33 296
20 26 296
20 33 296
26 33 296
4 11 297
4 15 297
4 20 297
4 21 297
4 23 297
4 33 297
11 15 297
11 20 297
11 21 297
11 23 297
11 33 297
15 20 297
15 21 297
15 23 297
15 33 297
20 21 297
20 23 297
20 33 297
21 23 297
21 33 297
23 33 297
14 16 298
14 27 298
14 30 298
14 35 298
14 37 298
14 41 298
16 27 298
16 30 298
16 35 298
16 37 298
16 41 298
27 30 298
27 35 298
27 37 298
27 41 298
30 35 298
30 37 298
30 41 298
35 37 298
35 41 298
37 41 298
5 7 299
5 22 299
5 23 299
5 33 299
5 40 299
7 22 299
7 23 299
7 33 299
7 40 299
22 23 299
22 33 299
22 40 299
23 33 299
23 40 299
33 40 299
4 22 300
1 3 301
1 6 301
3 6 301
6 11 303
7 22 304
12 29 305
12 33 305
29 33 305
12 14 306
12 16 306
12 19 306
12 41 306
14 16 306
14 19 306
14 41 306
16 19 306
16 41 306
19 41 306
12 27 307
12 30 307
27 30 307
1 3 310
1 6 310
1 25 310
3 6 310
3 25 310
6 25 310
7 21 312
4 15 314
19 30 315
19 37 315
19 45 315
30 37 315
30 45 315
37 45 315
14 19 316
14 29 316
14 30 316
14 33 316
14 41 316
19 29 316
19 30 316
19 33 316
19 41 316
29 30 316
29 33 316
29 41 316
30 33 316
30 41 316
33 41 316
4 7 317
4 13 317
4 15 317
4 20 317
4 26 317
4 40 317
7 13 317
7 15 317
7 20 317
7 26 317
7 40 317
13 15 317
13 20 317
13 26 317
13 40 317
15 20 317
15 26 317
15 40 317
20 26 317
20 40 317
26 40 317
1 6 319
1 44 319
1 46 319
6 44 319
6 46 319
44 46 319
7 15 320
7 22 320
7 23 320
7 26 320
7 40 320
15 22 320
15 23 320
15 26 320
15 40 320
22 23 320
22 26 320
22 40 320
23 26 320
23 40 320
26 40 320
11 33 321
27 30 322
27 35 322
27 41 322
30 35 322
30 41 322
35 41 322
