19 33 1
20 37 1
20 31 1
20 32 1
20 33 1
21 22 1
21 24 1
21 26 1
21 27 1
21 28 1
21 29 1
21 30 1
21 32 1
21 33 1
21 34 1
21 35 1
21 36 1
22 20 1
22 21 1
22 23 1
22 24 1
22 37 1
22 26 1
22 27 1
22 29 1
22 31 1
22 32 1
22 34 1
22 35 1
22 36 1
23 19 1
23 22 1
23 24 1
23 35 1
24 19 1
24 20 1
24 22 1
24 26 1
24 27 1
24 28 1
24 29 1
24 30 1
24 33 1
24 35 1
24 36 1
25 19 1
25 20 1
25 21 1
25 22 1
25 24 1
25 26 1
25 27 1
25 28 1
25 29 1
25 30 1
25 31 1
25 32 1
25 33 1
25 34 1
25 35 1
25 36 1
26 19 1
26 20 1
26 23 1
26 27 1
26 28 1
26 32 1
26 34 1
27 22 1
27 24 1
27 37 1
27 26 1
27 29 1
27 32 1
27 36 1
28 19 1
28 20 1
28 27 1
29 20 1
29 22 1
29 26 1
29 28 1
29 32 1
29 33 1
29 34 1
29 36 1
30 23 1
30 24 1
30 31 1
31 19 1
31 20 1
31 22 1
31 23 1
31 24 1
31 26 1
31 29 1
31 36 1
32 21 1
32 24 1
32 37 1
32 31 1
32 34 1
32 35 1
33 32 1
33 35 1
34 19 1
34 20 1
34 22 1
34 24 1
34 37 1
34 27 1
34 29 1
34 33 1
35 19 1
35 20 1
35 21 1
35 22 1
35 23 1
35 24 1
35 37 1
35 25 1
35 26 1
35 27 1
35 28 1
35 29 1
35 30 1
35 32 1
35 33 1
35 34 1
35 36 1
36 20 1
36 22 1
36 28 1
36 30 1
19 24 2
19 30 2
19 33 2
19 35 2
20 24 2
20 37 2
20 30 2
21 20 2
21 24 2
21 26 2
21 27 2
21 28 2
21 29 2
21 31 2
21 34 2
21 35 2
21 36 2
22 19 2
22 24 2
22 37 2
22 26 2
22 27 2
22 28 2
22 29 2
22 30 2
22 31 2
22 32 2
22 33 2
22 34 2
22 35 2
22 36 2
23 24 2
24 22 2
37 24 2
25 19 2
25 20 2
25 21 2
25 22 2
25 24 2
25 26 2
25 27 2
25 28 2
25 29 2
25 30 2
25 31 2
25 32 2
25 33 2
25 34 2
25 35 2
25 36 2
26 24 2
26 37 2
26 28 2
26 32 2
27 23 2
27 24 2
27 26 2
27 29 2
27 33 2
28 20 2
28 24 2
28 37 2
29 19 2
29 20 2
29 30 2
30 23 2
30 24 2
30 37 2
30 34 2
31 19 2
31 20 2
31 22 2
31 23 2
31 24 2
31 37 2
31 26 2
31 27 2
31 28 2
31 35 2
31 36 2
32 23 2
32 24 2
32 37 2
32 34 2
34 19 2
34 20 2
34 23 2
34 24 2
34 37 2
34 30 2
35 19 2
35 23 2
35 24 2
35 37 2
35 26 2
35 28 2
35 29 2
35 30 2
35 32 2
35 33 2
35 34 2
35 36 2
36 20 2
36 23 2
36 24 2
36 28 2
36 30 2
36 32 2
36 34 2
19 24 3
19 32 3
19 33 3
20 24 3
21 24 3
21 37 3
21 26 3
21 27 3
21 29 3
21 30 3
21 31 3
21 32 3
21 33 3
21 34 3
21 35 3
21 36 3
22 19 3
22 20 3
22 21 3
22 24 3
22 37 3
22 26 3
22 27 3
22 29 3
22 30 3
22 31 3
22 32 3
22 33 3
22 34 3
22 35 3
22 36 3
23 22 3
23 24 3
24 20 3
24 23 3
24 28 3
24 30 3
24 35 3
37 24 3
37 28 3
25 20 3
25 21 3
25 22 3
25 24 3
25 27 3
25 30 3
25 32 3
25 33 3
25 34 3
25 35 3
26 19 3
26 24 3
26 28 3
26 34 3
27 24 3
27 26 3
27 29 3
28 19 3
28 20 3
28 24 3
29 20 3
29 23 3
29 37 3
29 27 3
29 28 3
29 35 3
30 37 3
30 34 3
30 35 3
31 19 3
31 20 3
31 22 3
31 23 3
31 24 3
31 37 3
31 26 3
31 27 3
31 28 3
31 32 3
31 33 3
31 35 3
31 36 3
32 28 3
32 34 3
33 24 3
33 28 3
33 34 3
34 19 3
34 20 3
34 23 3
34 24 3
34 37 3
35 23 3
35 26 3
35 28 3
35 29 3
35 30 3
35 32 3
35 33 3
35 34 3
35 36 3
36 20 3
36 24 3
36 27 3
36 32 3
36 34 3
19 23 4
19 24 4
19 28 4
19 30 4
19 32 4
19 33 4
20 21 4
20 37 4
20 30 4
20 32 4
20 33 4
21 19 4
21 20 4
21 24 4
21 37 4
21 26 4
21 27 4
21 29 4
21 30 4
21 32 4
21 33 4
21 34 4
21 35 4
21 36 4
22 20 4
22 23 4
22 24 4
22 37 4
22 26 4
22 27 4
22 28 4
22 29 4
22 30 4
22 32 4
22 33 4
22 34 4
22 35 4
22 36 4
23 24 4
24 19 4
24 28 4
24 29 4
37 24 4
37 28 4
37 30 4
25 19 4
25 21 4
25 22 4
25 23 4
25 24 4
25 37 4
25 27 4
25 28 4
25 29 4
25 30 4
25 32 4
25 33 4
25 34 4
25 35 4
25 36 4
26 19 4
26 20 4
26 24 4
26 28 4
26 30 4
26 32 4
26 33 4
26 34 4
27 19 4
27 20 4
27 23 4
27 24 4
27 26 4
27 29 4
27 33 4
28 19 4
28 20 4
29 20 4
29 23 4
29 24 4
29 27 4
29 28 4
29 33 4
29 34 4
30 24 4
30 37 4
30 25 4
30 28 4
30 34 4
30 35 4
31 19 4
31 20 4
31 21 4
31 22 4
31 23 4
31 24 4
31 25 4
31 26 4
31 27 4
31 28 4
31 29 4
31 30 4
31 33 4
31 34 4
31 35 4
31 36 4
32 23 4
32 28 4
32 34 4
33 37 4
33 28 4
33 34 4
34 19 4
34 20 4
34 24 4
34 37 4
35 20 4
35 23 4
35 37 4
35 26 4
35 28 4
35 29 4
35 30 4
35 33 4
35 34 4
35 36 4
36 19 4
36 20 4
36 24 4
36 27 4
36 28 4
36 30 4
36 32 4
36 34 4
