1 2 1
1 3 1
1 4 1
5 6 1
5 7 1
5 8 1
9 10 1
9 11 1
8 7 1
8 11 1
8 12 1
13 14 1
13 15 1
16 6 1
16 3 1
16 17 1
2 17 1
7 18 1
19 11 1
19 12 1
3 20 1
3 14 1
3 4 1
21 18 1
18 22 1
23 20 1
24 25 1
24 11 1
11 10 1
11 12 1
11 22 1
10 12 1
17 14 1
17 12 1
12 26 1
4 15 1
19 21 2
19 18 2
19 9 2
1 15 2
5 22 2
9 24 2
9 15 2
27 18 2
27 28 2
27 22 2
27 26 2
27 4 2
29 30 2
29 26 2
29 4 2
30 11 2
28 23 2
21 12 2
18 4 2
24 4 2
11 6 2
11 17 2
31 26 2
25 14 2
25 22 2
17 12 2
17 4 2
12 20 2
12 26 2
20 22 2
1 21 3
1 32 3
1 33 3
1 26 3
5 16 3
5 21 3
5 18 3
5 26 3
5 4 3
9 17 3
27 20 3
27 28 3
27 21 3
27 24 3
16 6 3
16 21 3
16 33 3
16 17 3
2 28 3
33 15 3
33 7 3
33 4 3
29 23 3
29 11 3
7 32 3
3 14 3
3 32 3
28 22 3
28 6 3
28 12 3
18 20 3
18 6 3
18 32 3
23 22 3
23 25 3
24 12 3
11 15 3
11 31 3
17 15 3
17 4 3
32 22 3
32 26 3
4 20 3
4 26 3
6 26 3
30 10 4
30 12 4
30 33 4
30 20 4
30 7 4
30 31 4
30 8 4
1 24 4
1 4 4
5 25 4
9 28 4
9 33 4
13 3 4
26 20 4
26 6 4
27 15 4
27 6 4
2 15 4
33 4 4
33 14 4
33 15 4
33 34 4
7 34 4
7 6 4
7 19 4
19 10 4
19 35 4
3 18 4
28 14 4
28 24 4
28 21 4
28 17 4
21 34 4
18 22 4
11 34 4
10 15 4
10 12 4
10 35 4
4 15 4
4 35 4
15 35 4
1 2 5
1 12 5
5 20 5
9 6 5
9 7 5
8 10 5
13 3 5
13 4 5
27 20 5
27 28 5
27 3 5
2 10 5
2 11 5
33 15 5
33 21 5
33 30 5
33 7 5
29 6 5
7 28 5
30 34 5
30 4 5
3 14 5
28 18 5
18 22 5
11 10 5
34 25 5
31 15 5
10 6 5
17 20 5
32 15 5
32 26 5
20 26 5
19 2 6
19 11 6
19 21 6
19 9 6
1 10 6
1 11 6
1 12 6
5 12 6
9 13 6
9 12 6
13 27 6
13 11 6
27 2 6
27 32 6
27 20 6
27 17 6
27 18 6
27 11 6
16 6 6
16 11 6
2 3 6
33 15 6
33 29 6
33 34 6
33 31 6
29 34 6
7 25 6
30 15 6
3 11 6
3 35 6
3 4 6
28 20 6
28 11 6
21 20 6
18 6 6
18 12 6
24 22 6
11 32 6
34 6 6
31 35 6
31 12 6
25 14 6
36 20 6
14 20 6
15 20 6
6 22 6
1 11 7
1 34 7
1 26 7
35 4 7
35 11 7
35 34 7
35 22 7
35 29 7
9 14 7
37 32 7
16 34 7
2 25 7
2 12 7
2 14 7
2 38 7
2 28 7
2 11 7
2 34 7
2 31 7
29 22 7
29 5 7
29 31 7
7 25 7
7 11 7
7 32 7
30 34 7
3 23 7
3 14 7
3 25 7
3 11 7
3 26 7
28 20 7
28 21 7
28 12 7
28 17 7
21 17 7
23 25 7
24 20 7
24 11 7
24 26 7
11 36 7
11 15 7
11 31 7
34 22 7
34 31 7
39 12 7
31 12 7
31 4 7
25 12 7
17 32 7
20 5 7
22 26 7
19 16 8
1 27 8
1 15 8
1 2 8
1 12 8
1 3 8
5 18 8
5 26 8
9 24 8
9 21 8
9 30 8
9 3 8
9 4 8
27 7 8
27 32 8
27 6 8
27 26 8
27 24 8
27 34 8
27 21 8
16 25 8
29 30 8
7 4 8
7 34 8
7 30 8
30 32 8
30 12 8
30 15 8
30 11 8
3 6 8
3 11 8
3 12 8
28 25 8
21 24 8
21 34 8
18 24 8
18 12 8
11 22 8
34 26 8
25 17 8
25 32 8
25 20 8
25 22 8
25 26 8
32 26 8
20 22 8
22 26 8
6 26 8
