1 2 1
1 3 1
1 4 1
1 5 1
1 6 1
1 7 1
8 9 1
8 10 1
11 12 1
11 13 1
11 14 1
7 15 1
16 17 1
18 19 1
20 21 1
20 22 1
17 23 1
17 24 1
17 5 1
25 3 1
25 26 1
25 9 1
25 6 1
25 27 1
23 28 1
23 15 1
28 5 1
6 24 1
6 9 1
6 4 1
6 22 1
27 26 1
29 21 1
29 9 1
2 21 1
9 10 1
26 30 1
31 12 2
31 10 2
11 19 2
11 12 2
22 12 2
16 32 2
16 24 2
16 1 2
16 7 2
18 12 2
18 28 2
18 5 2
20 33 2
20 1 2
20 26 2
17 28 2
17 26 2
17 29 2
32 10 2
32 5 2
19 13 2
28 29 2
29 26 2
29 25 2
34 13 2
24 30 2
24 35 2
10 7 2
26 5 2
30 25 2
1 5 2
25 33 2
1 20 3
11 29 3
25 7 3
16 30 3
14 6 3
18 12 3
20 3 3
20 27 3
17 27 3
36 32 3
36 15 3
32 26 3
19 13 3
21 22 3
6 9 3
6 27 3
27 9 3
27 26 3
27 12 3
29 3 3
29 12 3
13 35 3
37 24 3
9 30 3
9 5 3
10 3 3
26 15 3
35 3 3
15 18 4
15 23 4
15 35 4
8 38 4
8 39 4
8 21 4
8 7 4
8 37 4
11 17 4
11 1 4
22 4 4
22 9 4
40 12 4
40 24 4
40 14 4
16 3 4
5 13 4
20 39 4
17 30 4
39 27 4
23 21 4
28 26 4
6 10 4
6 26 4
6 3 4
6 4 4
6 1 4
6 21 4
6 29 4
6 37 4
27 13 4
27 7 4
27 25 4
29 7 4
9 38 4
9 13 4
9 10 4
37 38 4
37 10 4
37 33 4
37 1 4
37 7 4
2 25 4
38 21 4
38 26 4
24 12 4
3 33 4
4 33 4
25 21 4
30 33 4
21 7 4
1 26 5
1 27 5
1 35 5
8 16 5
8 20 5
8 24 5
8 23 5
8 6 5
7 3 5
7 24 5
16 15 5
14 30 5
18 12 5
18 15 5
20 38 5
20 6 5
23 17 5
23 12 5
19 28 5
2 25 5
38 24 5
13 35 5
10 5 5
3 25 5
4 5 5
15 35 5
8 15 6
11 20 6
7 23 6
7 22 6
40 12 6
40 4 6
40 37 6
16 12 6
18 19 6
18 26 6
20 24 6
23 33 6
17 13 6
17 27 6
28 21 6
28 29 6
6 38 6
27 9 6
9 30 6
10 15 6
10 22 6
30 5 6
4 3 6
35 11 7
35 22 7
8 38 7
8 20 7
11 33 7
11 32 7
25 1 7
40 30 7
40 7 7
40 22 7
16 1 7
16 41 7
16 28 7
16 12 7
18 28 7
20 10 7
20 5 7
23 6 7
32 28 7
32 22 7
17 28 7
17 6 7
28 1 7
28 6 7
6 9 7
6 31 7
6 7 7
13 1 7
37 38 7
37 34 7
37 9 7
38 34 7
38 41 7
38 10 7
34 41 7
34 26 7
9 7 7
10 7 7
26 7 7
30 12 7
12 5 7
1 7 7
22 5 7
4 9 8
4 8 8
4 11 8
4 30 8
4 33 8
15 33 8
15 13 8
15 14 8
35 16 8
35 18 8
35 7 8
35 32 8
8 40 8
8 21 8
8 29 8
11 30 8
11 20 8
11 34 8
11 1 8
7 16 8
7 10 8
40 34 8
40 1 8
40 26 8
16 18 8
16 13 8
16 25 8
16 31 8
16 27 8
22 18 8
18 17 8
18 5 8
20 10 8
20 30 8
20 5 8
20 3 8
20 6 8
17 9 8
17 31 8
32 27 8
32 2 8
23 21 8
23 9 8
28 25 8
28 5 8
6 30 8
6 41 8
6 5 8
27 34 8
27 31 8
27 2 8
29 9 8
29 33 8
9 13 8
9 26 8
10 21 8
38 39 8
38 34 8
38 25 8
34 2 8
34 25 8
24 3 8
24 1 8
24 31 8
1 5 8
31 3 8
31 25 8
25 5 8
