0 5 0
0 5 0
0 5 0
0 5 0
0 5 0
0 5 0
0 5 0
0 5 0
0 5 0
0 5 0
0 5 0
0 5 0
0 5 0
0 5 0
0 5 0
0 5 0
0 5 0
0 5 0
0 5 0
0 5 0
0 5 0
0 5 0
0 5 0
0 5 0
0 5 0
0 5 0
0 5 0
0 5 0
0 5 0
0 5 0
0 5 0
0 5 0
0 5 0
0 5 0
0 5 0
0 5 0
0 5 0
0 5 0
0 5 0
0 5 0
0 5 0
0 5 0
0 5 0
0 5 0
0 5 0
0 5 0
1 5 1
1 11 1
1 5 1
2 19 2
3 10 3
3 12 3
3 12 3
3 14 3
3 10 3
3 14 3
3 5 3
3 11 3
3 5 3
3 14 3
3 5 3
3 14 3
4 19 4
5 0 5
5 3 5
5 10 5
5 14 5
5 12 5
5 14 5
5 12 5
5 13 5
5 12 5
5 12 5
5 8 5
5 7 5
5 7 5
6 0 6
6 0 6
6 0 6
6 0 6
6 0 6
6 0 6
6 0 6
6 0 6
6 0 6
6 0 6
6 0 6
6 0 6
6 0 6
6 0 6
6 0 6
7 0 7
7 0 7
7 0 7
7 13 7
7 14 7
7 0 7
8 11 8
8 5 8
8 14 8
8 11 8
8 5 8
8 11 8
8 11 8
8 11 8
8 11 8
9 19 9
10 4 10
10 4 10
10 4 10
10 4 10
10 0 10
10 0 10
10 0 10
10 4 10
10 4 10
10 0 10
11 1 11
11 0 11
11 0 11
11 0 11
11 0 11
11 14 11
11 1 11
11 1 11
11 1 11
11 1 11
11 1 11
11 1 11
11 1 11
12 13 12
12 5 12
12 13 12
12 13 12
12 13 12
12 13 12
12 13 12
12 5 12
12 13 12
12 13 12
12 13 12
12 13 12
12 13 12
12 13 12
12 13 12
12 13 12
12 13 12
12 13 12
12 13 12
12 13 12
13 12 13
13 12 13
13 14 13
11 14 14
11 1 14
11 0 14
11 0 14
11 14 14
11 0 14
11 0 14
11 0 14
11 5 14
11 1 14
11 1 14
11 1 14
11 0 14
3 5 15
3 5 15
3 0 15
3 14 15
3 14 15
3 14 15
3 14 15
3 5 15
3 5 15
3 5 15
3 5 15
3 14 15
3 14 15
0 6 16
0 5 16
0 5 16
0 5 16
0 6 16
0 5 16
0 5 16
0 6 16
0 5 16
0 6 16
0 6 16
0 6 16
0 5 16
0 6 16
0 5 16
0 5 16
0 5 16
0 6 16
0 14 16
0 5 16
0 5 16
0 5 16
0 5 16
0 5 16
0 5 16
0 5 16
0 14 16
0 5 16
0 5 16
0 5 16
0 5 16
0 5 16
0 5 16
0 5 16
0 5 16
0 5 16
0 5 16
0 5 16
1 14 17
1 14 17
1 14 17
1 14 17
1 11 17
1 14 17
1 14 17
1 14 17
1 14 17
1 11 17
5 0 18
5 0 18
5 0 18
5 0 18
5 0 18
5 0 18
5 0 18
5 0 18
10 0 19
10 5 19
10 5 19
10 5 19
10 5 19
10 0 19
10 0 19
10 0 19
10 5 19
10 4 19
10 14 19
10 5 19
10 5 19
10 5 19
10 4 19
10 5 19
