6 21 0
8 6 0
21 22 0
11 22 0
9 15 0
8 14 1
8 30 1
8 14 1
26 8 1
26 42 1
6 8 1
8 33 1
6 11 1
6 8 1
11 8 1
25 43 2
26 25 2
25 43 2
25 43 2
25 43 2
26 44 2
32 38 2
32 25 2
32 25 2
26 32 2
25 38 2
43 38 2
26 32 2
26 32 2
26 43 2
26 38 2
26 32 2
43 38 2
42 25 2
25 38 2
26 32 2
26 32 2
32 43 2
0 10 3
26 33 3
20 24 3
25 20 3
4 38 3
25 30 4
25 4 5
34 54 5
26 33 5
25 38 5
26 25 5
0 10 5
54 42 5
54 0 5
0 10 5
0 10 5
0 10 5
26 32 6
26 32 6
32 13 6
0 37 6
52 54 6
52 37 6
52 54 6
52 34 6
34 54 6
52 37 6
34 54 6
8 16 6
8 16 6
0 16 6
52 54 6
26 32 6
26 32 6
32 7 6
54 48 6
34 33 6
34 33 6
34 33 6
34 33 6
34 32 6
34 32 6
26 33 6
32 25 6
25 16 6
26 25 6
26 25 6
26 32 6
26 32 6
32 25 6
32 7 6
40 48 6
34 54 6
34 0 6
34 54 6
8 16 6
8 16 6
0 16 6
54 48 6
52 54 6
52 54 6
52 54 6
52 54 6
52 54 6
40 12 6
33 3 6
33 54 6
3 0 6
34 45 6
34 45 6
34 54 6
34 54 6
52 37 6
52 34 6
52 54 6
34 54 6
8 16 6
52 37 6
31 54 6
42 0 6
34 37 6
34 0 6
34 48 6
52 0 6
52 48 6
52 48 6
52 34 6
0 37 6
26 33 7
32 25 7
25 16 7
26 25 7
26 32 7
26 25 7
32 25 7
26 32 7
32 3 7
52 42 7
26 32 7
34 33 8
34 33 8
34 33 8
34 32 8
34 32 8
25 3 8
34 30 8
34 33 8
34 33 8
34 32 8
33 25 8
34 25 8
34 33 8
32 33 8
34 30 8
34 25 8
33 25 8
34 2 9
34 38 9
34 16 9
34 16 9
34 16 9
0 30 10
52 7 10
0 30 10
0 7 10
3 0 10
42 7 10
54 3 10
42 0 10
54 30 10
52 42 10
52 3 10
54 36 10
8 3 10
0 7 10
54 7 10
8 30 10
42 36 10
42 36 10
8 3 10
3 0 10
52 3 10
0 9 10
8 9 10
25 7 10
25 7 10
52 3 10
25 54 10
52 54 10
52 42 10
52 0 10
25 0 10
7 36 10
25 54 10
32 33 11
52 42 11
6 0 11
52 6 11
34 30 11
34 33 11
34 16 11
34 28 11
34 32 11
52 54 11
34 33 11
34 28 11
34 28 11
34 33 11
34 25 11
34 33 11
34 33 11
33 32 11
34 32 11
52 54 12
34 25 12
8 3 12
3 24 13
25 10 13
34 7 14
34 7 14
34 7 14
34 25 14
34 25 14
34 7 14
25 2 14
25 16 14
25 16 14
34 33 14
34 25 14
34 16 14
25 16 14
34 25 14
34 32 15
25 57 15
54 0 15
25 54 15
6 0 15
6 54 15
16 49 15
52 8 15
25 54 15
52 0 15
54 0 15
8 16 15
52 16 15
52 0 15
34 33 15
34 33 15
25 2 15
8 16 15
8 16 15
34 25 15
8 20 15
25 35 16
20 16 16
52 8 16
52 17 16
25 3 16
8 3 16
25 20 16
34 33 16
34 35 16
57 54 16
57 39 16
57 0 16
52 54 16
7 3 17
52 42 17
54 3 17
54 0 17
3 0 17
8 3 17
8 0 17
34 16 17
34 16 17
34 16 17
34 10 17
34 16 17
34 33 17
34 33 17
18 10 17
34 10 17
34 45 17
34 10 17
34 45 17
54 7 17
34 33 17
34 16 17
55 46 18
55 56 18
52 7 18
52 42 18
8 0 18
8 3 18
8 0 18
52 0 18
32 25 18
34 25 18
34 32 18
8 0 18
8 0 18
52 8 18
52 42 18
42 36 18
0 36 18
3 0 18
51 46 18
51 58 18
34 33 19
34 10 19
34 32 19
25 20 19
34 32 19
20 10 19
34 32 19
34 10 19
34 33 19
34 25 19
34 20 19
34 25 19
34 32 19
34 16 20
52 8 20
8 25 20
34 35 20
34 33 20
52 25 20
34 33 21
0 1 21
54 0 21
34 35 21
34 33 21
35 33 21
34 35 21
52 25 21
8 0 21
0 33 22
52 8 22
3 0 22
20 0 22
25 33 22
0 36 23
34 25 23
34 25 23
34 33 23
35 57 23
35 53 23
52 8 23
34 33 23
0 36 23
0 36 23
52 8 23
52 36 23
54 29 23
54 7 23
0 36 23
52 54 23
52 54 23
54 0 23
25 10 23
25 10 23
3 0 23
16 41 24
52 1 24
16 41 24
52 19 24
52 7 24
52 1 24
52 10 24
52 7 24
27 50 24
23 47 24
52 42 24
52 0 25
52 5 25
52 42 25
6 0 26
52 0 26
52 0 26
52 0 26
0 5 26
52 5 26
52 42 26
52 5 26
52 0 26
