38 0 0
13 0 0
38 13 1
0 35 1
15 2 1
0 7 1
38 0 1
15 2 1
2 43 1
0 7 1
38 0 1
31 7 1
3 36 1
36 30 1
3 36 1
27 3 1
36 43 1
3 36 1
27 3 1
38 11 1
36 2 1
11 31 1
38 11 1
27 3 1
3 2 1
27 5 1
27 36 1
38 1 1
5 36 1
13 2 1
38 13 1
13 0 1
18 36 1
38 0 1
27 36 1
4 3 1
38 0 1
27 5 1
18 5 1
0 35 1
38 0 1
18 0 1
4 23 1
18 13 1
4 23 1
13 1 1
18 13 1
13 0 1
13 1 1
3 23 1
13 0 1
0 35 1
27 3 1
27 23 1
27 36 2
15 2 2
15 6 2
15 2 2
15 2 2
15 23 2
3 36 2
36 23 2
36 23 2
36 1 2
4 5 2
38 11 2
38 13 2
27 15 2
3 5 2
3 36 2
13 0 2
11 0 2
27 1 2
27 18 2
28 29 3
15 28 3
11 25 3
15 36 3
15 26 3
10 41 3
34 26 3
23 10 3
13 23 3
15 34 3
4 13 3
15 26 3
15 5 3
11 23 3
15 34 3
15 28 3
34 8 3
27 15 3
15 36 3
36 0 3
26 28 3
11 25 3
11 10 3
13 14 3
4 23 3
19 33 3
11 25 3
5 26 3
3 14 3
25 14 3
11 42 3
42 25 3
4 42 3
37 12 3
40 22 3
40 22 3
37 12 3
33 12 3
27 34 3
19 32 3
19 33 3
22 33 3
22 32 3
33 32 3
19 33 3
19 32 3
37 22 3
40 22 3
25 10 3
17 9 3
3 5 3
19 22 3
5 41 3
4 23 3
34 29 3
3 25 3
5 26 3
3 39 3
4 23 3
11 10 3
4 11 3
23 14 3
11 23 3
18 14 3
42 14 3
11 42 3
5 28 3
34 29 3
41 8 3
36 8 3
36 0 3
0 8 3
36 41 3
27 5 3
5 26 3
29 41 3
15 39 3
15 36 3
4 14 3
34 41 3
3 26 3
15 0 3
25 28 3
3 5 3
11 23 3
15 28 3
15 26 3
15 34 3
23 20 3
18 13 3
13 21 3
8 29 3
28 29 3
26 28 3
15 29 3
4 14 3
3 26 3
15 8 3
15 34 3
15 36 3
27 15 3
26 28 3
5 29 3
18 14 3
3 25 3
44 41 3
3 25 3
1 21 4
38 34 4
27 34 4
42 16 4
11 16 4
38 1 4
27 15 4
3 5 4
27 38 4
1 34 4
1 26 4
38 34 4
3 5 4
2 25 4
1 14 4
3 11 4
2 25 4
11 16 4
42 16 4
15 38 4
15 1 4
18 23 4
18 23 4
42 2 4
2 23 4
27 14 4
36 1 4
26 24 4
26 34 4
42 2 4
42 23 4
4 14 4
18 23 4
42 2 4
14 28 4
23 25 4
2 28 4
42 25 4
11 42 4
3 2 4
36 26 4
5 24 4
5 36 4
27 36 4
36 1 4
18 13 4
27 15 4
42 2 4
3 29 4
19 32 4
11 0 4
3 14 4
4 28 4
33 32 4
37 22 4
33 12 4
40 22 4
19 32 4
19 12 4
37 32 4
19 12 4
12 9 4
19 12 4
19 33 4
33 17 4
19 17 4
19 32 4
19 32 4
37 12 4
37 32 4
40 22 4
11 16 4
3 0 4
26 34 4
40 22 4
0 34 4
2 16 4
15 38 4
2 10 4
18 23 4
18 10 4
15 36 4
18 20 4
18 10 4
18 10 4
27 5 4
27 29 4
3 0 4
18 20 4
3 28 4
3 14 4
0 14 4
0 13 4
15 26 4
5 36 4
38 5 4
27 0 4
5 34 4
0 5 4
4 23 5
42 39 5
11 14 5
14 16 5
4 14 5
42 2 5
4 23 5
42 39 5
22 17 5
11 16 5
13 23 5
11 42 5
42 14 5
27 5 5
15 1 5
38 1 5
27 5 5
42 34 5
14 10 5
11 14 5
11 23 5
42 2 5
11 25 5
19 22 5
11 42 5
42 14 5
19 22 5
42 2 5
11 26 5
3 25 5
5 39 5
4 23 5
3 5 5
3 0 5
11 14 5
42 11 5
4 13 5
13 23 5
18 23 5
13 16 5
4 13 5
13 23 5
23 20 5
18 20 5
18 23 5
4 18 5
4 23 5
4 13 5
13 23 5
23 14 5
18 20 5
11 23 5
3 0 5
25 41 5
2 25 5
3 39 5
11 42 5
2 23 5
1 28 5
42 23 5
11 2 5
11 5 5
8 41 5
11 36 5
42 16 5
2 11 5
2 16 5
27 41 5
27 1 5
8 41 5
27 36 5
27 15 5
1 24 5
15 36 5
38 34 5
15 28 5
15 38 5
13 23 5
42 16 5
19 32 5
19 22 5
19 32 5
37 22 5
40 33 5
37 33 5
3 7 5
38 1 5
42 14 5
11 42 5
42 25 5
42 25 5
23 14 5
42 2 5
3 5 5
3 11 5
3 26 5
3 0 5
4 25 5
3 28 5
11 5 5
11 42 5
15 38 5
5 14 5
10 14 5
4 14 5
4 23 5
4 25 5
8 28 5
13 4 5
15 36 5
27 1 5
27 28 5
27 36 5
27 8 5
38 1 5
3 11 5
10 25 5
4 18 5
