40 98 0
111 98 0
0 98 1
1 33 1
80 65 1
80 44 1
59 63 2
60 63 2
60 44 2
60 71 2
80 63 2
18 63 2
80 71 2
80 59 2
80 60 2
58 44 2
44 37 2
44 71 2
80 37 2
71 59 2
58 71 2
44 63 2
44 71 2
96 14 2
96 60 2
96 62 2
60 62 2
62 60 2
108 18 2
96 76 2
0 69 2
60 18 2
108 60 2
60 44 2
71 63 2
0 80 2
35 98 3
0 35 3
0 98 3
0 88 3
35 73 3
14 71 3
35 126 3
14 44 3
35 69 3
108 37 3
80 91 4
80 94 4
44 117 4
111 115 4
80 111 4
111 88 4
96 76 5
88 125 5
111 98 5
111 98 5
35 1 5
35 69 5
108 91 5
84 66 5
96 94 5
80 96 5
80 94 5
108 44 5
35 88 5
35 1 5
35 93 5
35 93 5
80 94 5
96 88 6
80 94 6
108 103 6
80 103 6
108 103 6
84 96 6
108 115 6
111 96 7
88 118 7
111 75 7
74 75 7
74 75 7
74 75 7
77 75 7
4 17 8
80 4 8
80 17 8
80 94 8
80 17 8
80 94 8
4 17 8
80 17 8
80 4 8
108 17 8
91 6 8
110 6 8
110 6 8
17 6 8
108 6 8
108 17 8
4 17 8
80 17 8
91 21 8
6 103 8
108 94 8
108 94 8
69 76 8
69 76 8
108 94 8
108 91 8
108 91 8
108 94 8
108 94 8
108 110 8
108 91 8
103 91 8
80 108 8
6 91 8
6 91 8
103 91 8
94 110 8
80 94 8
35 116 9
80 124 9
110 81 9
124 110 9
124 4 9
35 89 9
35 99 9
89 99 9
80 124 9
4 110 9
80 79 9
80 4 9
111 88 9
69 44 10
69 110 10
124 58 10
80 17 10
124 17 10
80 124 10
80 124 10
80 11 10
124 11 10
108 17 10
80 94 10
80 124 10
80 124 10
80 108 10
108 17 10
80 17 10
111 93 10
80 124 10
80 108 10
124 91 10
80 100 10
80 58 10
88 121 10
124 18 10
91 2 10
124 17 10
124 17 10
108 58 10
108 6 10
58 12 10
111 93 10
11 58 10
58 6 10
58 91 10
80 108 10
108 6 10
124 58 10
80 58 10
80 6 10
80 11 10
11 6 10
69 94 11
69 121 11
69 94 11
80 69 11
80 94 11
69 121 11
108 17 11
108 44 11
108 94 11
94 44 11
80 71 11
108 15 11
22 17 11
71 17 11
71 22 11
108 71 11
94 17 11
94 15 11
108 94 11
22 28 11
4 118 11
80 44 11
106 36 11
80 108 11
106 28 11
80 44 11
108 32 11
108 15 11
100 22 11
35 36 11
100 22 11
100 106 11
35 36 11
35 22 11
36 22 11
106 22 11
106 36 11
71 91 11
100 36 11
108 71 11
108 91 11
108 28 11
91 106 11
71 22 11
35 91 11
91 71 11
35 28 11
35 32 11
108 32 11
35 108 11
35 71 11
111 41 12
80 23 12
111 35 12
100 41 13
100 99 13
111 100 13
111 41 13
111 99 13
100 99 13
108 121 13
88 115 13
88 41 13
108 94 13
80 108 13
108 49 13
121 52 13
41 99 13
41 115 13
111 88 13
121 15 13
111 115 13
111 124 13
108 94 13
121 46 13
108 49 13
108 69 13
69 121 13
69 19 13
121 26 13
100 32 13
35 32 13
35 66 13
111 41 13
80 108 13
121 46 13
69 17 14
69 94 14
108 44 14
108 94 14
108 4 14
111 100 14
80 108 14
108 17 14
111 40 14
69 94 14
4 17 14
108 69 14
80 4 14
108 94 14
80 112 14
80 41 14
35 88 14
35 106 14
111 35 14
111 100 14
40 88 14
35 100 14
35 41 14
4 52 14
80 41 14
35 41 14
41 4 14
88 87 14
98 41 15
40 98 15
34 45 16
34 99 16
88 98 16
88 41 16
88 41 16
8 70 16
8 99 16
14 34 16
35 88 16
8 45 16
8 34 16
35 100 16
14 34 16
14 70 16
14 99 16
14 45 16
35 58 16
100 58 16
14 70 16
58 30 16
69 58 16
69 30 16
14 8 16
14 8 16
80 69 16
94 115 16
93 22 16
111 88 16
41 89 16
118 115 16
62 30 16
94 118 16
80 6 16
80 6 16
108 8 16
14 99 16
108 8 16
66 42 16
108 11 16
80 6 16
58 30 16
108 44 16
69 94 16
108 14 16
69 6 16
14 44 16
8 44 16
108 8 16
14 8 16
44 17 17
108 91 17
50 34 17
80 34 17
44 50 17
80 44 17
108 66 17
111 35 17
111 102 17
111 88 17
35 98 17
35 102 17
93 41 17
76 47 17
108 50 17
106 102 17
66 91 17
66 50 17
35 94 17
66 34 17
111 88 17
35 102 17
58 34 17
111 100 17
80 58 17
44 17 17
50 34 17
76 30 17
108 66 17
58 66 17
88 93 18
40 39 18
93 98 18
35 118 18
39 77 18
40 93 18
40 77 18
40 30 18
88 98 18
88 118 18
119 34 18
78 96 18
40 93 18
88 98 18
80 4 18
98 118 18
4 56 18
88 98 19
98 76 19
111 88 19
35 32 19
4 25 19
35 25 19
35 4 19
98 25 19
98 25 19
111 98 19
28 77 19
35 32 19
66 55 19
111 98 19
25 76 19
98 76 19
98 25 19
111 25 19
14 28 19
93 99 20
88 118 20
88 41 20
40 32 20
88 41 20
88 118 20
40 98 20
111 40 20
35 32 20
40 39 20
111 98 20
93 29 20
66 44 20
44 39 20
44 67 20
44 91 20
66 67 20
80 67 20
40 98 20
108 14 21
80 34 21
80 66 21
69 66 21
44 26 21
69 44 21
44 91 21
35 88 21
88 109 21
88 98 21
58 41 21
41 26 21
41 91 21
35 98 21
108 14 21
108 26 21
111 88 21
111 35 21
111 40 21
98 109 21
69 41 21
98 88 21
80 69 21
35 98 21
99 39 21
88 4 21
111 4 21
40 49 21
35 39 21
41 85 21
41 72 21
35 72 21
98 106 21
66 114 21
80 66 21
69 66 21
58 6 21
14 58 21
80 108 21
111 40 21
111 77 21
111 49 21
40 93 21
111 116 21
80 116 21
111 88 22
111 39 22
88 4 22
4 39 22
111 40 22
39 91 22
72 38 22
66 23 22
66 64 22
64 72 22
64 38 22
40 71 22
40 88 22
40 66 23
41 99 23
41 23 23
108 41 23
58 95 23
69 90 23
88 56 23
40 88 23
88 66 23
109 91 23
109 63 23
88 109 23
41 72 23
4 109 23
122 99 23
35 108 23
35 58 23
111 58 23
35 98 23
98 41 23
111 35 23
80 108 23
80 67 23
108 14 23
80 69 23
80 108 23
80 6 23
41 23 23
108 58 23
80 108 23
101 107 24
41 44 24
111 88 24
41 6 24
108 23 24
69 101 24
35 98 24
88 41 24
4 107 24
88 87 24
108 107 24
125 7 25
58 3 25
35 23 25
35 15 25
35 76 25
80 34 25
23 15 25
76 71 25
26 53 25
26 34 25
98 6 25
98 123 25
98 66 25
76 52 25
111 40 26
111 6 26
64 38 26
108 98 26
111 66 26
88 25 27
88 4 27
88 66 27
66 25 27
4 25 27
4 76 27
76 3 27
4 3 27
98 38 27
98 4 27
111 88 27
25 16 27
25 76 27
41 109 27
40 16 27
111 3 27
76 3 27
98 76 27
111 98 27
111 76 27
66 25 27
88 25 27
88 66 27
40 88 27
40 66 27
44 16 27
40 39 27
40 16 27
40 44 27
25 6 27
66 25 27
76 3 27
41 91 27
40 25 27
69 64 27
80 69 27
69 4 27
66 6 27
67 38 27
40 39 27
111 6 27
98 122 27
25 6 27
111 76 27
98 9 27
111 88 27
39 99 27
40 44 27
25 6 27
44 39 27
108 98 27
40 39 27
44 109 27
109 99 27
109 3 27
40 25 27
35 98 27
44 106 27
25 39 27
40 39 27
40 44 27
66 76 27
76 6 27
35 88 27
25 39 27
95 26 28
96 100 28
69 26 28
69 95 28
111 81 28
80 34 28
88 69 28
4 122 28
4 95 28
121 66 28
111 3 28
25 3 29
41 6 29
41 25 29
26 52 29
13 71 29
4 26 29
4 71 29
4 13 29
26 20 29
26 82 29
98 71 29
98 13 29
98 3 29
80 58 29
80 69 29
69 58 29
111 3 29
6 3 29
25 6 29
111 6 29
25 6 29
95 13 29
6 76 29
66 25 29
40 25 29
25 76 29
3 38 29
98 95 29
93 76 29
93 13 29
93 47 29
41 38 29
58 6 29
111 95 29
88 4 29
13 91 29
95 25 29
13 25 29
93 13 29
111 25 29
40 41 29
40 6 29
40 3 29
76 6 29
66 25 29
26 55 29
40 76 29
80 67 30
93 31 30
93 4 30
88 41 30
111 96 30
80 69 30
111 58 30
80 108 30
108 67 30
111 93 30
111 82 30
88 23 30
93 4 30
111 83 30
58 95 30
40 58 30
40 38 30
35 4 30
98 83 30
108 41 30
98 76 30
93 98 30
58 6 30
76 6 30
98 58 30
111 76 30
58 83 30
40 66 30
111 76 30
111 93 30
80 69 30
4 23 30
111 98 30
58 27 30
83 6 30
93 27 30
35 4 30
4 91 30
4 27 30
93 4 30
111 31 30
93 58 30
111 58 30
95 83 30
111 83 30
76 83 30
40 95 30
93 31 30
111 98 30
4 27 30
95 66 30
83 31 30
58 95 30
58 31 30
93 4 30
41 4 31
98 41 31
27 79 31
88 27 31
88 41 31
41 31 31
98 47 31
98 41 31
88 98 31
88 41 31
69 13 31
98 27 31
41 27 31
41 27 31
80 108 31
93 58 31
98 31 31
76 91 31
111 66 31
66 71 31
58 71 31
98 66 31
41 67 31
66 4 31
41 31 31
80 4 31
58 66 31
98 31 31
95 52 32
95 52 32
88 30 32
41 30 32
44 41 32
95 79 32
66 35 32
79 91 32
88 95 32
95 66 32
98 26 32
88 41 32
95 35 32
88 95 32
88 98 32
66 30 32
66 35 32
111 6 32
6 91 32
95 66 32
98 91 32
95 66 32
66 35 32
88 91 32
88 95 32
6 52 32
95 6 32
111 39 32
88 91 32
41 4 33
66 22 33
4 22 33
80 14 33
88 98 33
98 66 33
111 4 33
111 6 33
4 22 33
41 71 33
111 6 33
40 41 33
4 6 33
109 34 34
98 4 34
88 66 34
88 71 34
110 7 34
69 110 34
108 110 34
80 69 34
6 52 34
66 6 34
66 52 34
98 6 34
69 7 34
98 71 34
20 109 34
109 20 34
71 6 34
111 41 34
41 71 34
40 10 34
95 6 34
111 6 34
40 41 34
98 4 34
4 95 34
4 71 34
95 91 34
95 71 34
111 95 34
88 83 35
80 66 35
98 95 35
98 4 35
88 22 35
83 6 35
22 52 35
98 83 35
98 95 35
4 110 35
4 76 35
76 91 35
80 108 35
108 58 35
88 66 35
88 98 35
69 66 35
88 69 35
4 61 35
88 69 35
98 22 35
80 69 35
80 26 35
4 95 35
109 6 35
109 52 35
109 48 35
22 91 35
4 76 35
4 110 35
110 71 35
110 76 35
4 110 35
40 110 35
41 71 35
4 76 35
4 110 35
41 4 35
95 109 35
95 22 35
4 71 35
4 95 35
69 95 36
98 83 36
4 95 36
111 4 36
4 6 36
4 95 36
111 4 36
111 69 36
69 4 36
111 69 36
52 31 36
52 91 36
111 31 36
111 69 36
71 91 36
111 52 36
111 31 36
88 52 36
88 4 36
66 4 36
111 91 36
111 66 36
4 6 36
41 121 36
109 9 36
109 62 36
88 98 36
58 4 36
125 51 36
4 110 36
98 35 36
69 91 36
4 91 36
69 91 36
69 66 36
80 25 36
80 108 36
88 35 36
69 35 36
88 69 36
25 125 36
6 19 36
66 109 36
98 95 37
88 22 37
88 95 37
41 121 37
88 41 37
110 83 37
95 41 37
41 71 37
80 58 37
95 66 37
95 71 37
66 4 37
95 66 37
40 4 37
69 40 37
4 95 37
110 54 37
111 95 37
98 4 37
98 71 37
98 22 37
71 22 37
66 109 37
66 22 37
40 66 37
80 110 37
4 71 37
57 91 37
41 6 37
98 4 37
98 95 37
71 52 37
95 91 37
4 95 37
111 91 37
98 91 37
98 41 37
111 6 37
111 98 37
88 66 37
41 91 37
88 66 37
58 110 37
41 95 37
121 58 37
121 52 37
66 4 37
71 52 37
58 34 37
4 121 37
41 4 37
66 41 37
88 41 37
58 66 37
111 4 38
40 22 38
40 88 38
40 121 38
88 121 38
121 6 38
111 6 38
111 88 38
111 95 38
98 4 38
95 110 38
69 41 38
69 76 38
95 41 38
41 71 38
69 95 38
111 41 38
41 110 38
111 95 38
111 71 38
7 57 39
26 75 39
98 121 39
111 71 39
35 22 39
111 41 39
4 121 39
4 76 39
26 75 39
104 10 39
4 57 39
57 7 39
69 35 39
111 41 39
104 10 39
41 35 39
69 93 39
4 7 39
108 48 40
108 82 40
121 48 40
41 4 40
41 4 40
111 71 40
111 88 40
121 66 40
4 6 40
69 93 40
76 71 40
111 98 40
93 71 40
88 6 40
69 76 40
76 52 40
69 93 40
88 4 41
41 10 41
111 4 41
111 66 41
111 66 42
43 62 42
111 41 42
80 92 42
80 28 42
80 108 42
43 68 42
43 86 42
108 43 42
80 121 42
121 67 42
108 34 42
108 28 42
80 108 42
108 121 42
108 26 42
40 31 42
69 93 42
80 108 42
58 113 43
58 52 43
80 121 43
121 26 43
40 52 43
40 91 43
80 26 43
26 113 43
121 28 43
108 28 43
52 91 43
69 93 44
69 66 44
69 76 44
69 10 44
76 10 44
41 6 44
111 98 44
41 4 44
111 41 44
40 35 44
69 52 44
98 41 44
93 52 44
62 113 44
111 88 44
58 35 44
111 41 44
98 4 44
98 57 44
121 67 44
121 62 44
111 6 44
62 67 44
113 91 44
108 113 44
111 4 44
80 121 44
111 98 45
88 58 45
111 6 45
88 98 45
98 58 45
40 83 45
40 58 45
58 35 45
69 47 45
66 71 45
71 31 45
69 41 45
111 66 45
98 71 45
66 71 45
111 66 45
111 4 45
58 35 45
58 71 45
80 105 45
88 58 45
111 98 45
98 71 45
80 97 45
98 66 46
69 95 46
111 71 46
66 15 46
111 97 46
58 40 46
98 66 46
71 98 46
98 71 46
93 35 46
111 98 46
66 97 46
93 10 46
98 71 46
66 71 46
80 58 46
93 39 46
98 66 46
58 68 46
58 62 46
58 24 46
111 66 46
68 24 46
80 62 46
98 121 46
111 98 46
80 26 47
28 81 47
28 6 47
80 6 47
80 6 47
6 81 47
80 81 47
26 81 47
26 6 47
28 105 47
80 121 47
80 28 47
28 26 47
0 5 47
28 6 47
0 120 47
58 83 47
80 28 48
80 94 48
28 105 48
28 68 48
68 105 48
111 69 48
66 71 48
88 14 48
98 39 48
111 98 48
111 66 48
66 104 48
80 68 48
28 105 48
80 105 48
28 68 48
68 105 48
80 105 48
80 94 48
111 39 48
66 39 48
66 110 48
80 105 48
111 66 48
111 98 48
40 39 48
69 52 48
69 93 48
