59 55 0
49 49 0
59 48 0
59 55 0
59 33 1
52 36 1
59 38 2
17 13 2
17 44 2
33 7 2
17 14 2
30 33 2
38 0 2
48 0 2
30 7 2
7 22 3
17 14 3
57 58 3
48 59 3
17 9 3
17 14 3
17 38 3
57 9 3
59 43 4
43 19 5
48 14 5
59 9 5
59 54 5
48 19 5
48 17 5
43 14 5
45 12 5
17 19 5
59 44 5
48 12 5
43 17 5
48 45 6
12 39 6
45 12 6
53 35 6
45 12 6
45 39 6
19 39 6
19 39 7
43 57 7
43 9 7
59 39 7
48 46 7
11 34 8
48 44 8
43 32 8
43 54 8
48 11 8
48 34 8
48 16 8
17 37 8
16 37 8
46 19 8
45 35 8
16 34 8
34 44 8
48 34 8
48 34 8
11 45 8
48 16 8
59 55 8
34 44 8
34 44 8
16 19 8
16 19 8
48 35 8
45 35 8
43 11 8
16 17 8
48 44 8
17 45 9
48 11 9
48 34 9
59 28 9
59 32 9
55 28 9
48 11 9
55 28 9
59 28 9
8 21 10
11 12 10
19 56 10
55 19 10
55 56 10
34 8 10
59 34 10
0 51 10
46 51 10
46 0 10
43 45 10
34 21 10
27 45 10
11 58 10
48 58 10
16 29 10
43 20 10
43 12 10
11 29 10
27 12 10
43 45 10
27 45 10
12 58 10
14 37 10
14 15 10
48 12 10
48 12 10
59 8 10
16 0 11
28 19 11
43 28 11
43 11 11
43 45 11
14 39 11
11 45 11
59 54 11
59 15 11
43 11 11
43 11 11
17 20 11
45 18 11
16 20 12
11 54 12
54 35 12
59 43 12
43 55 12
8 25 12
16 20 12
16 27 13
17 27 13
20 19 13
11 47 13
59 55 13
55 39 13
16 41 13
55 36 13
55 39 13
59 39 13
43 45 13
48 41 13
48 45 13
59 38 14
62 38 14
48 25 14
38 18 14
43 5 14
43 35 14
43 45 14
59 58 15
59 27 15
62 20 15
20 18 15
48 25 15
20 41 15
41 40 15
62 58 15
48 11 15
14 27 15
62 18 15
62 58 15
34 54 15
14 27 15
59 16 15
14 27 15
20 38 15
16 10 15
59 27 15
59 27 15
59 27 15
59 14 15
27 10 15
59 14 15
16 14 15
14 27 15
34 8 16
8 23 16
17 8 16
43 51 16
43 35 16
43 54 16
25 8 16
34 23 16
5 51 16
48 17 16
43 51 16
48 19 16
34 8 16
23 3 16
17 8 16
11 20 16
59 20 16
48 16 16
48 19 16
48 25 16
19 8 16
8 25 16
43 54 16
34 23 16
51 35 16
20 27 16
43 51 16
11 16 16
48 25 16
17 25 16
48 17 16
34 25 16
48 38 16
8 25 16
17 8 16
27 38 16
54 51 16
11 38 16
48 8 16
16 19 16
20 27 16
20 11 16
11 20 16
11 19 16
27 19 16
11 27 16
59 20 16
11 16 16
16 38 16
20 27 16
11 14 17
19 8 17
19 15 17
48 20 17
20 19 17
59 11 17
11 58 17
16 58 17
48 16 17
48 41 17
20 58 17
48 16 17
48 17 17
11 16 17
47 0 18
43 47 18
19 23 18
41 8 18
19 8 18
19 45 18
11 19 18
19 25 18
25 35 18
25 45 18
11 14 18
11 45 18
11 25 18
8 10 18
48 41 18
8 10 18
19 10 18
19 8 18
38 23 18
59 38 18
23 35 18
25 23 18
8 15 18
20 8 18
48 19 18
48 11 18
20 41 18
14 23 18
45 8 18
19 45 18
45 25 18
11 23 18
48 19 18
48 45 18
59 14 18
34 8 18
16 20 18
4 10 18
54 8 18
43 55 18
20 19 18
17 41 18
17 40 18
48 23 18
17 54 18
5 8 19
34 5 19
16 20 19
20 19 19
62 0 19
43 5 19
43 45 19
17 8 19
20 17 19
59 62 19
14 19 19
54 23 19
48 54 19
17 8 19
17 45 19
62 27 19
17 5 19
62 18 19
34 10 19
14 58 19
0 27 19
59 14 19
43 5 19
34 41 19
55 45 19
43 55 19
41 10 19
5 8 19
48 10 19
11 14 19
59 11 19
11 19 19
54 41 19
54 10 19
34 17 19
59 14 19
55 31 20
20 17 20
11 19 20
34 20 20
48 10 20
48 23 20
19 38 20
16 18 20
5 47 20
19 18 20
48 8 20
8 6 20
11 19 20
11 58 20
19 58 20
6 15 20
34 6 20
34 8 20
16 18 20
8 35 20
6 35 20
43 47 20
17 47 20
54 20 20
62 38 20
34 20 20
59 25 20
48 34 20
17 4 20
48 18 20
11 16 20
11 19 20
8 35 20
48 18 20
11 16 20
11 19 20
48 6 20
59 11 20
16 10 20
10 23 20
14 25 20
11 25 20
11 14 20
19 58 20
11 58 20
62 38 20
62 41 20
19 10 20
10 58 20
11 58 20
10 18 20
48 20 20
59 14 20
17 47 20
59 38 20
20 17 20
62 23 20
62 38 20
8 4 20
61 60 20
55 5 20
5 47 20
11 8 20
14 8 20
43 34 20
43 47 20
43 54 20
14 58 20
34 54 20
19 4 20
19 58 20
11 19 20
11 18 20
16 19 20
48 16 20
16 10 20
11 14 20
38 18 20
14 38 20
14 25 20
19 10 20
11 58 20
11 14 20
16 19 20
20 17 20
20 8 20
34 6 20
11 19 20
54 8 20
20 17 20
17 8 20
11 58 20
11 16 20
35 31 20
35 61 20
10 6 20
34 17 20
54 17 20
6 15 20
11 16 20
62 18 20
14 38 20
48 58 20
38 23 20
15 35 20
48 58 20
11 58 20
8 4 20
62 38 20
16 20 21
20 19 21
59 19 21
34 41 21
48 50 21
20 41 21
41 50 21
59 19 21
43 8 21
59 18 21
59 18 21
17 15 21
43 17 21
8 15 21
8 35 21
43 6 21
16 18 21
59 20 21
16 19 21
34 19 21
16 20 21
38 18 21
62 23 21
14 20 21
62 38 21
11 41 21
18 38 21
43 0 21
5 55 21
62 38 21
59 14 21
59 18 21
48 41 21
43 6 21
43 34 21
43 35 21
43 35 21
55 5 21
43 55 22
59 11 22
59 14 22
55 45 22
59 62 23
17 41 23
11 58 23
14 19 23
59 11 23
16 58 23
11 14 23
45 58 23
19 18 23
48 35 23
59 45 23
62 18 23
62 45 23
62 19 23
62 14 23
17 16 23
17 11 23
17 41 23
11 16 23
16 17 23
62 23 23
59 58 23
59 14 23
14 19 23
59 14 23
62 19 23
62 14 23
14 47 23
47 19 23
62 47 23
19 58 23
62 38 23
14 17 23
16 41 23
16 45 23
11 47 23
19 18 23
11 14 23
11 58 23
14 18 23
16 45 23
41 45 23
17 58 23
59 14 23
62 19 23
34 20 23
20 6 23
17 45 23
11 62 23
14 58 23
34 6 23
19 18 23
19 58 23
19 23 23
62 47 23
62 38 23
62 23 23
47 23 23
16 18 23
62 47 23
59 58 23
59 16 23
45 58 23
19 38 23
62 23 23
26 17 23
43 51 23
43 51 23
34 20 23
19 38 23
62 19 23
14 19 23
62 38 23
58 23 23
59 23 23
14 19 23
59 58 23
58 18 23
59 17 23
59 17 23
14 58 23
17 45 23
59 58 23
59 45 23
45 58 23
59 16 23
11 41 23
58 23 23
11 41 23
17 11 23
43 5 23
16 17 23
17 45 23
17 41 23
59 23 23
48 41 23
48 25 23
10 25 23
59 17 23
42 42 23
24 15 24
59 41 24
59 58 24
41 19 24
59 14 24
16 14 24
14 58 24
43 5 24
43 34 24
34 45 24
43 45 24
43 54 24
39 2 24
48 20 25
16 41 25
14 26 25
62 14 25
62 58 25
41 58 25
11 41 25
59 16 25
10 58 25
48 34 25
48 0 25
48 20 25
59 38 25
34 4 25
43 45 25
4 60 25
4 6 25
20 60 25
43 34 25
48 25 25
15 60 25
48 4 25
59 17 25
59 16 25
43 45 25
48 4 25
45 23 25
54 45 25
34 6 25
20 0 25
54 23 25
43 6 25
43 6 25
34 4 25
43 34 25
43 6 25
34 6 25
59 17 25
14 38 25
16 10 25
16 14 25
59 16 25
59 14 25
59 38 25
43 23 25
43 34 25
54 23 25
43 45 25
54 6 26
59 58 26
54 6 26
54 5 26
59 14 26
11 58 26
11 18 26
58 18 26
58 18 26
59 58 26
58 18 26
59 14 26
59 18 26
59 0 26
59 58 26
16 0 26
0 58 26
0 18 26
16 58 26
16 18 26
59 11 26
16 10 27
16 19 27
11 16 27
16 14 27
26 0 27
59 16 27
59 16 27
62 58 27
59 62 27
59 16 27
14 19 27
34 16 27
34 24 27
16 24 27
16 0 27
62 17 27
59 16 27
59 14 27
59 16 27
34 16 27
59 14 27
11 16 27
11 14 27
11 58 27
14 16 27
59 62 27
59 14 27
62 14 27
59 16 27
11 16 27
62 14 27
62 19 27
14 19 27
59 62 27
11 10 27
48 0 27
25 58 27
48 34 27
59 14 27
34 6 27
34 20 27
48 16 27
34 6 27
34 20 27
48 34 27
48 16 27
48 20 27
48 61 27
48 16 27
0 19 27
0 17 27
59 14 27
48 16 27
59 26 27
62 17 27
34 16 27
14 58 27
34 10 27
59 14 27
0 10 27
19 58 27
43 45 27
11 58 27
11 25 27
48 16 27
34 16 27
24 6 27
10 51 27
48 51 27
48 6 27
20 25 27
48 51 27
24 51 27
59 62 28
5 40 28
43 6 28
59 62 28
59 1 28
59 20 28
59 14 28
43 40 28
62 26 28
20 26 28
54 1 28
59 11 28
43 54 28
54 40 28
48 26 28
11 10 28
54 6 28
59 11 28
11 14 28
59 62 28
48 26 28
43 54 28
43 6 28
59 11 28
0 61 28
43 54 28
43 6 28
59 17 28
11 17 28
43 45 28
43 25 29
62 26 29
48 0 29
20 26 29
59 20 29
59 11 29
20 26 29
59 20 29
62 25 29
43 6 29
59 20 29
43 54 29
62 17 29
59 62 29
59 62 29
62 14 29
62 17 29
59 11 29
59 20 29
59 14 29
43 15 29
0 58 30
59 62 30
59 20 30
62 1 30
48 14 30
43 54 30
