1 2 1
1 3 1
4 5 1
6 7 1
6 8 1
9 10 1
11 12 1
7 13 1
7 8 1
14 15 1
14 16 1
14 17 1
18 19 1
20 21 1
13 19 1
16 15 1
16 17 1
17 15 1
12 21 1
22 15 2
22 23 2
1 24 2
1 25 2
1 26 2
1 27 2
1 28 2
28 29 2
28 30 2
28 31 2
28 25 2
6 32 2
6 33 2
31 29 2
31 30 2
34 3 2
34 25 2
26 24 2
26 3 2
26 27 2
26 35 2
33 7 2
33 36 2
33 8 2
7 36 2
7 8 2
37 38 2
29 30 2
39 19 2
39 5 2
39 40 2
38 41 2
38 32 2
19 30 2
19 24 2
36 8 2
40 5 2
12 32 2
12 8 2
35 3 2
32 41 2
27 3 2
27 42 2
42 3 2
33 43 3
33 44 3
45 23 3
46 47 3
19 48 3
19 49 3
19 3 3
50 51 3
50 52 3
50 7 3
7 51 3
7 52 3
44 43 3
39 53 3
53 54 3
51 52 3
55 43 3
56 57 4
58 36 4
59 42 4
59 60 4
61 48 4
61 3 4
62 63 4
62 64 4
62 53 4
65 42 4
65 60 4
46 66 4
46 67 4
46 68 4
19 69 4
19 48 4
19 3 4
19 70 4
50 36 4
67 66 4
67 68 4
66 68 4
44 71 4
72 70 4
53 63 4
71 43 4
55 63 4
48 69 4
48 3 4
69 3 4
73 74 5
56 75 5
56 57 5
76 52 5
77 78 5
77 79 5
77 7 5
59 66 5
59 67 5
59 19 5
59 42 5
61 80 5
61 48 5
61 81 5
61 82 5
62 83 5
84 85 5
86 55 5
19 81 5
19 55 5
19 52 5
19 48 5
19 66 5
7 78 5
7 36 5
7 79 5
75 87 5
75 57 5
67 88 5
67 42 5
66 42 5
89 39 5
89 40 5
80 69 5
80 81 5
78 79 5
78 81 5
78 69 5
44 90 5
44 36 5
91 92 5
91 79 5
91 90 5
69 81 5
39 40 5
93 85 5
72 52 5
72 71 5
79 36 5
79 92 5
79 90 5
82 48 5
36 90 5
45 94 5
45 63 5
71 52 5
81 48 5
95 15 5
92 90 5
92 52 5
52 90 5
94 63 5
96 15 6
56 83 6
56 97 6
56 45 6
98 94 6
99 69 6
99 100 6
59 67 6
59 101 6
45 97 6
45 102 6
45 83 6
62 19 6
62 64 6
62 103 6
104 92 6
104 105 6
86 74 6
86 106 6
86 19 6
19 48 6
19 80 6
19 103 6
83 97 6
74 92 6
74 90 6
74 106 6
80 48 6
80 107 6
105 92 6
102 103 6
90 92 6
90 91 6
90 108 6
109 72 6
109 107 6
109 64 6
109 71 6
91 108 6
72 107 6
72 64 6
107 48 6
107 64 6
107 100 6
108 110 6
56 111 7
56 103 7
112 107 7
112 113 7
112 114 7
98 109 7
99 69 7
99 107 7
99 100 7
115 69 7
115 77 7
77 116 7
77 19 7
59 67 7
59 101 7
117 72 7
117 19 7
117 118 7
117 119 7
62 80 7
62 108 7
62 64 7
70 108 7
70 114 7
86 74 7
86 92 7
86 106 7
120 116 7
120 92 7
120 91 7
120 118 7
19 106 7
118 72 7
118 91 7
118 92 7
121 15 7
80 48 7
122 123 7
105 116 7
105 124 7
105 104 7
102 113 7
102 103 7
101 125 7
101 126 7
97 83 7
91 92 7
69 100 7
93 52 7
72 108 7
126 125 7
107 100 7
107 114 7
64 108 7
108 114 7
111 103 7
109 113 7
116 124 7
113 114 7
113 103 7
74 92 7
99 107 8
99 100 8
99 64 8
115 77 8
115 117 8
77 117 8
83 106 8
83 97 8
59 127 8
59 67 8
59 128 8
128 67 8
45 87 8
45 129 8
62 64 8
89 95 8
89 130 8
103 121 8
103 102 8
107 69 8
107 100 8
118 131 8
121 74 8
121 132 8
67 127 8
86 133 8
86 74 8
86 106 8
97 106 8
134 109 8
91 92 8
91 108 8
129 87 8
93 52 8
130 95 8
133 74 8
133 106 8
133 95 8
106 74 8
116 104 8
132 74 8
135 116 9
135 136 9
59 137 9
59 128 9
128 127 9
45 109 9
62 127 9
62 100 9
62 82 9
62 64 9
137 129 9
118 133 9
118 106 9
118 95 9
138 92 9
138 139 9
138 140 9
91 108 9
141 15 9
141 106 9
82 142 9
82 64 9
82 60 9
60 142 9
133 143 9
106 15 9
106 95 9
144 143 10
62 136 10
62 100 10
62 145 10
62 122 10
145 100 10
129 108 10
122 136 10
92 139 10
92 140 10
92 146 10
127 64 10
140 139 10
140 147 10
140 146 10
148 149 10
143 146 10
143 147 10
150 151 11
150 62 11
92 143 11
92 152 11
127 60 11
127 153 11
136 146 11
143 144 11
143 124 11
143 152 11
60 62 11
60 154 11
151 62 11
150 92 12
150 152 12
136 146 12
136 62 12
136 145 12
136 155 12
136 152 12
155 146 12
156 146 12
157 145 12
158 144 12
158 143 12
144 143 12
62 146 12
62 145 12
62 159 12
160 153 12
146 145 12
150 161 13
150 162 13
150 152 13
150 163 13
157 151 13
164 165 13
164 166 13
164 62 13
164 167 13
164 168 13
169 170 13
169 162 13
169 62 13
169 171 13
172 173 13
166 163 13
166 62 13
166 171 13
166 162 13
174 175 13
176 162 13
176 171 13
176 177 13
176 163 13
178 179 13
178 180 13
178 153 13
178 159 13
181 182 13
181 124 13
183 158 13
167 165 13
167 168 13
184 124 13
184 185 13
180 177 13
180 62 13
180 153 13
165 168 13
186 187 13
173 188 13
173 155 13
182 124 13
171 162 13
171 62 13
171 163 13
177 163 13
177 62 13
189 190 13
188 155 13
124 185 13
136 146 13
153 159 13
146 191 13
161 162 13
161 163 13
162 62 13
162 163 13
62 163 13
192 193 14
192 194 14
192 157 14
192 166 14
192 195 14
192 173 14
192 196 14
192 197 14
198 199 14
198 158 14
198 200 14
198 196 14
198 201 14
198 202 14
150 181 14
202 196 14
202 199 14
202 201 14
203 170 14
203 204 14
203 92 14
203 205 14
203 181 14
203 206 14
164 165 14
164 207 14
164 153 14
169 191 14
169 208 14
169 209 14
169 210 14
169 200 14
169 211 14
212 213 14
212 214 14
212 215 14
212 216 14
212 217 14
209 174 14
209 210 14
209 211 14
206 170 14
206 204 14
206 92 14
206 214 14
206 217 14
166 193 14
166 194 14
166 218 14
166 157 14
166 173 14
166 195 14
166 196 14
166 197 14
166 177 14
174 219 14
199 158 14
199 144 14
199 196 14
199 201 14
195 218 14
195 197 14
195 177 14
220 92 14
220 213 14
220 215 14
217 170 14
217 204 14
217 214 14
196 194 14
196 157 14
196 173 14
196 201 14
197 193 14
197 177 14
197 218 14
221 222 14
221 223 14
221 224 14
221 225 14
221 226 14
221 227 14
170 92 14
170 185 14
165 168 14
165 228 14
165 153 14
225 227 14
225 223 14
225 226 14
207 171 14
229 173 14
229 230 14
214 204 14
157 194 14
157 231 14
157 62 14
157 232 14
157 173 14
157 233 14
230 173 14
210 191 14
210 211 14
181 204 14
144 124 14
159 234 14
159 188 14
159 155 14
159 153 14
215 92 14
215 213 14
231 62 14
227 222 14
227 223 14
227 224 14
227 226 14
173 194 14
173 188 14
173 62 14
173 175 14
218 177 14
171 177 14
171 62 14
233 232 14
177 62 14
189 190 14
189 158 14
189 235 14
213 92 14
213 191 14
188 234 14
188 155 14
188 153 14
188 175 14
236 158 14
236 228 14
236 235 14
228 168 14
228 158 14
222 223 14
222 224 14
222 226 14
155 234 14
153 234 14
200 208 14
200 211 14
211 208 14
235 158 14
235 190 14
191 208 14
168 158 14
190 158 14
62 232 14
226 223 14
226 224 14
223 224 14
198 181 15
237 227 15
195 166 15
195 193 15
238 239 15
238 240 15
239 185 15
239 240 15
212 241 15
212 217 15
212 242 15
158 243 15
158 244 15
158 245 15
246 247 15
246 248 15
246 249 15
246 250 15
246 157 15
166 157 15
166 177 15
166 193 15
199 251 15
252 157 15
253 254 15
253 216 15
255 157 15
256 257 15
256 240 15
258 259 15
221 222 15
221 227 15
221 223 15
260 261 15
260 262 15
222 227 15
222 223 15
222 263 15
234 264 15
234 153 15
265 232 15
265 266 15
265 153 15
267 243 15
267 190 15
190 243 15
190 251 15
190 235 15
244 243 15
244 245 15
157 250 15
157 248 15
157 247 15
157 249 15
233 191 15
181 214 15
181 268 15
269 262 15
243 245 15
243 235 15
213 194 15
227 60 15
177 193 15
250 248 15
250 247 15
250 249 15
194 232 15
194 208 15
270 92 15
270 191 15
270 208 15
216 254 15
153 264 15
263 223 15
225 271 15
247 248 15
247 249 15
235 251 15
191 92 15
208 232 15
208 92 15
248 249 15
272 273 16
272 274 16
272 275 16
272 255 16
157 269 16
157 276 16
277 227 16
277 259 16
277 221 16
277 278 16
277 279 16
166 193 16
166 280 16
166 281 16
166 282 16
166 247 16
166 283 16
252 278 16
256 257 16
260 284 16
265 244 16
265 191 16
265 208 16
285 181 16
181 286 16
181 287 16
181 288 16
181 289 16
181 290 16
181 291 16
292 293 16
292 294 16
292 235 16
233 191 16
216 295 16
216 212 16
216 296 16
216 215 16
216 297 16
294 293 16
294 235 16
298 198 16
298 235 16
235 293 16
235 198 16
208 191 16
208 244 16
208 266 16
208 225 16
208 271 16
208 232 16
208 299 16
259 227 16
259 281 16
259 278 16
259 279 16
223 227 16
223 234 16
223 221 16
223 222 16
271 225 16
257 242 16
257 212 16
232 300 16
232 282 16
232 299 16
232 301 16
284 280 16
284 213 16
284 249 16
284 246 16
302 303 16
304 191 16
304 299 16
291 198 16
291 286 16
305 267 16
234 299 16
244 198 16
244 191 16
269 276 16
227 222 16
227 177 16
227 278 16
227 281 16
275 273 16
275 274 16
275 255 16
306 267 16
266 225 16
289 288 16
289 290 16
289 287 16
307 278 16
307 279 16
290 288 16
290 287 16
283 247 16
283 193 16
283 282 16
283 281 16
274 273 16
274 255 16
296 215 16
296 295 16
279 278 16
308 255 16
198 303 16
288 287 16
299 191 16
222 177 16
222 309 16
224 177 16
224 310 16
225 311 16
215 295 16
215 312 16
301 300 16
301 282 16
177 310 16
300 282 16
276 255 16
280 247 16
280 193 16
280 246 16
273 255 16
282 193 16
282 281 16
282 247 16
249 247 16
249 246 16
212 297 16
246 247 16
247 193 16
247 281 16
313 193 16
193 281 16
157 193 17
157 314 17
157 275 17
157 166 17
315 316 17
315 317 17
315 257 17
315 240 17
166 280 17
166 247 17
166 193 17
318 274 17
318 319 17
243 232 17
243 191 17
260 284 17
260 320 17
260 246 17
321 208 17
265 225 17
265 236 17
265 208 17
265 311 17
322 242 17
323 324 17
323 325 17
233 232 17
233 234 17
326 216 17
326 327 17
216 242 17
216 215 17
216 327 17
327 328 17
327 212 17
329 330 17
329 299 17
235 293 17
235 331 17
332 293 17
332 333 17
332 290 17
208 225 17
208 311 17
208 236 17
259 227 17
259 278 17
259 334 17
259 307 17
223 222 17
223 335 17
223 336 17
223 307 17
223 227 17
223 310 17
223 334 17
271 225 17
271 337 17
257 317 17
257 240 17
232 191 17
232 299 17
317 240 17
317 338 17
339 193 17
339 283 17
339 340 17
284 320 17
284 341 17
284 342 17
284 246 17
324 325 17
280 283 17
280 247 17
304 234 17
293 331 17
291 343 17
330 299 17
221 225 17
221 337 17
221 336 17
344 179 17
234 212 17
341 320 17
341 342 17
341 246 17
342 320 17
342 246 17
336 222 17
336 334 17
242 345 17
242 212 17
227 222 17
227 278 17
227 310 17
227 334 17
340 193 17
340 283 17
307 278 17
307 334 17
307 335 17
290 191 17
290 333 17
283 247 17
283 193 17
274 319 17
346 347 17
346 348 17
346 215 17
349 335 17
349 334 17
288 287 17
288 343 17
222 334 17
347 215 17
347 348 17
224 177 17
224 334 17
225 236 17
225 337 17
225 311 17
215 348 17
303 343 17
177 334 17
335 334 17
345 212 17
328 212 17
295 253 17
295 312 17
247 193 17
253 312 17
333 191 17
284 260 18
284 246 18
157 350 18
157 318 18
157 275 18
157 274 18
157 351 18
332 293 18
332 352 18
332 353 18
332 235 18
333 343 18
212 316 18
212 214 18
212 345 18
166 193 18
166 283 18
166 340 18
166 247 18
304 232 18
304 225 18
304 354 18
304 355 18
356 214 18
252 259 18
252 278 18
293 352 18
293 353 18
293 235 18
295 253 18
295 347 18
295 216 18
247 283 18
247 193 18
330 191 18
310 177 18
310 251 18
310 223 18
357 358 18
357 359 18
357 286 18
357 360 18
344 179 18
222 361 18
222 337 18
222 307 18
222 362 18
222 221 18
234 232 18
234 354 18
234 233 18
348 347 18
348 328 18
348 327 18
362 361 18
362 307 18
362 278 18
347 328 18
347 216 18
214 345 18
214 316 18
326 363 18
355 354 18
221 361 18
221 337 18
221 266 18
337 361 18
337 266 18
215 253 18
215 216 18
316 345 18
354 232 18
354 233 18
233 232 18
177 259 18
177 223 18
177 251 18
353 352 18
353 235 18
275 318 18
275 350 18
275 274 18
216 253 18
359 358 18
359 360 18
266 208 18
350 318 18
350 274 18
340 283 18
340 193 18
327 328 18
312 364 18
358 360 18
283 193 18
345 317 18
259 223 18
274 318 18
365 208 19
366 232 19
366 208 19
327 347 19
327 348 19
327 346 19
318 351 19
291 338 19
234 329 19
348 346 19
322 363 19
367 368 19
278 307 19
316 317 19
274 369 19
208 232 19
259 223 19
257 370 19
284 260 20
284 301 20
371 255 20
371 318 20
371 351 20
372 373 20
372 252 20
366 374 20
366 232 20
327 346 20
318 351 20
257 316 20
257 346 20
257 353 20
257 345 20
257 363 20
252 259 20
252 373 20
253 375 20
295 216 20
295 274 20
295 346 20
376 223 20
376 330 20
376 329 20
376 377 20
330 317 20
330 329 20
330 234 20
377 307 20
260 193 20
260 340 20
255 351 20
234 356 20
378 379 20
378 214 20
378 356 20
378 380 20
378 287 20
378 317 20
378 329 20
379 329 20
379 373 20
374 232 20
381 208 20
381 304 20
381 354 20
381 266 20
382 352 20
382 323 20
347 310 20
373 259 20
373 223 20
373 307 20
323 352 20
266 208 20
363 316 20
363 383 20
363 370 20
352 232 20
352 384 20
216 346 20
353 345 20
353 286 20
353 370 20
278 264 20
278 208 20
193 340 20
307 259 20
307 223 20
307 224 20
312 364 20
312 385 20
264 208 20
240 286 20
240 370 20
384 232 20
286 370 20
259 223 20
364 274 20
364 385 20
356 317 20
284 216 21
284 386 21
284 260 21
372 193 21
372 339 21
372 377 21
366 374 21
366 232 21
366 384 21
366 382 21
327 387 21
327 346 21
304 354 21
356 317 21
356 330 21
257 234 21
257 378 21
257 388 21
257 346 21
257 330 21
257 345 21
252 223 21
252 377 21
252 389 21
253 375 21
253 390 21
255 391 21
330 214 21
330 317 21
377 379 21
377 389 21
377 223 21
377 386 21
260 216 21
260 386 21
295 216 21
295 390 21
295 392 21
234 388 21
234 329 21
378 382 21
378 345 21
378 338 21
374 232 21
382 380 21
382 232 21
352 232 21
352 380 21
386 193 21
386 379 21
386 389 21
386 223 21
354 393 21
392 390 21
363 353 21
363 383 21
383 375 21
351 193 21
351 394 21
351 339 21
375 390 21
375 385 21
395 278 21
379 223 21
379 389 21
389 259 21
389 223 21
193 339 21
286 353 21
286 370 21
394 339 21
396 397 21
370 353 21
370 360 21
380 232 21
353 360 21
398 399 22
398 394 22
398 400 22
398 401 22
398 402 22
327 216 22
327 403 22
327 253 22
327 295 22
327 387 22
327 404 22
405 378 22
405 286 22
405 406 22
405 353 22
405 407 22
405 408 22
405 345 22
253 295 22
402 394 22
402 400 22
378 363 22
378 353 22
378 380 22
378 408 22
378 291 22
378 345 22
378 317 22
409 224 22
409 395 22
381 410 22
411 412 22
411 377 22
413 391 22
413 394 22
413 414 22
401 399 22
401 394 22
401 400 22
415 416 22
415 375 22
415 417 22
415 397 22
375 418 22
375 397 22
216 403 22
216 419 22
216 386 22
216 387 22
395 420 22
395 278 22
329 421 22
329 356 22
329 382 22
329 304 22
329 257 22
329 422 22
329 301 22
400 399 22
400 394 22
423 424 22
423 425 22
423 387 22
423 426 22
423 427 22
423 428 22
423 429 22
417 416 22
417 397 22
259 389 22
430 431 22
430 432 22
257 346 22
257 356 22
399 394 22
232 380 22
232 433 22
232 377 22
232 434 22
317 363 22
317 435 22
317 353 22
317 436 22
317 382 22
317 291 22
339 437 22
339 372 22
339 391 22
366 352 22
407 406 22
407 286 22
407 408 22
304 301 22
304 422 22
304 421 22
427 426 22
427 387 22
427 424 22
330 438 22
330 439 22
330 440 22
330 441 22
330 346 22
330 442 22
330 443 22
377 444 22
377 412 22
441 439 22
441 440 22
234 421 22
234 444 22
234 382 22
234 388 22
234 422 22
234 301 22
445 379 22
445 310 22
388 421 22
388 444 22
388 382 22
388 422 22
388 301 22
386 419 22
442 443 22
442 438 22
442 346 22
442 446 22
447 392 22
447 448 22
447 404 22
392 448 22
392 404 22
363 353 22
410 374 22
440 439 22
449 374 22
449 433 22
437 391 22
437 372 22
379 310 22
414 391 22
414 394 22
406 286 22
406 408 22
370 345 22
370 286 22
346 443 22
346 438 22
422 421 22
422 444 22
422 435 22
422 436 22
422 301 22
443 438 22
443 446 22
428 429 22
308 391 22
433 374 22
433 434 22
420 278 22
448 404 22
421 444 22
421 382 22
421 301 22
436 435 22
436 382 22
382 435 22
301 444 22
424 426 22
424 387 22
352 380 22
352 450 22
352 451 22
452 446 22
391 372 22
391 394 22
426 387 22
345 286 22
345 397 22
345 353 22
345 408 22
286 408 22
396 453 22
380 451 22
380 450 22
419 431 22
419 387 22
419 432 22
353 408 22
403 387 22
451 450 22
431 193 22
431 387 22
431 432 22
416 397 22
387 432 22
454 455 23
454 456 23
454 450 23
457 458 23
459 460 23
459 310 23
459 461 23
403 462 23
403 463 23
403 260 23
366 232 23
366 388 23
327 424 23
418 464 23
418 465 23
466 467 23
466 468 23
469 420 23
469 470 23
469 259 23
469 471 23
469 472 23
458 472 23
458 224 23
458 470 23
458 473 23
458 420 23
458 471 23
356 474 23
356 257 23
420 472 23
420 388 23
420 470 23
420 473 23
420 471 23
377 475 23
377 462 23
377 460 23
260 476 23
260 477 23
260 351 23
472 259 23
472 224 23
472 470 23
472 473 23
472 471 23
478 479 23
478 453 23
409 381 23
480 481 23
480 482 23
480 224 23
481 224 23
483 484 23
483 468 23
388 456 23
347 475 23
347 460 23
462 475 23
462 460 23
462 463 23
485 216 23
456 455 23
424 486 23
424 487 23
465 464 23
465 488 23
475 460 23
487 486 23
487 216 23
216 486 23
489 232 23
477 490 23
477 476 23
490 476 23
278 455 23
310 461 23
484 468 23
473 224 23
473 470 23
473 471 23
471 259 23
471 470 23
453 479 23
453 396 23
470 259 23
482 224 23
257 474 23
468 467 23
461 460 23
232 470 24
232 491 24
232 492 24
232 487 24
232 493 24
494 495 24
494 496 24
494 472 24
494 497 24
494 498 24
494 340 24
499 471 24
498 500 24
498 501 24
498 340 24
498 502 24
498 377 24
469 420 24
469 470 24
469 388 24
469 471 24
503 504 24
503 505 24
503 506 24
503 497 24
503 507 24
503 508 24
503 473 24
491 388 24
491 487 24
491 493 24
483 473 24
483 471 24
483 450 24
483 409 24
509 259 24
509 409 24
492 470 24
492 487 24
492 465 24
409 259 24
409 508 24
481 473 24
481 504 24
481 457 24
481 482 24
508 473 24
508 504 24
510 511 24
510 403 24
465 257 24
496 497 24
496 340 24
496 512 24
496 472 24
351 513 24
351 514 24
351 515 24
351 516 24
351 517 24
351 490 24
351 518 24
351 519 24
351 520 24
216 521 24
216 377 24
216 522 24
216 502 24
523 516 24
523 517 24
523 524 24
523 525 24
523 519 24
523 520 24
329 470 24
526 457 24
526 485 24
527 528 24
527 489 24
527 529 24
501 377 24
501 502 24
513 518 24
513 516 24
513 519 24
513 517 24
259 420 24
259 388 24
259 471 24
257 356 24
530 278 24
531 532 24
531 388 24
531 366 24
531 533 24
531 489 24
473 504 24
473 472 24
473 420 24
473 457 24
473 471 24
534 535 24
534 525 24
534 518 24
366 532 24
366 489 24
366 536 24
366 388 24
366 529 24
518 516 24
518 535 24
518 517 24
518 525 24
518 519 24
518 520 24
457 504 24
457 485 24
377 500 24
377 502 24
472 497 24
472 420 24
472 340 24
244 537 24
388 532 24
388 278 24
388 420 24
388 471 24
512 537 24
512 519 24
512 340 24
512 476 24
490 515 24
490 537 24
490 520 24
340 476 24
340 519 24
538 486 24
538 511 24
506 507 24
506 497 24
506 505 24
476 537 24
476 519 24
517 514 24
517 516 24
517 524 24
517 525 24
517 519 24
517 520 24
532 454 24
504 505 24
504 507 24
535 525 24
536 529 24
536 489 24
420 471 24
520 515 24
520 516 24
520 524 24
520 525 24
520 519 24
516 524 24
516 525 24
516 519 24
539 454 24
539 540 24
539 541 24
539 471 24
539 542 24
470 454 24
505 507 24
505 497 24
497 507 24
543 487 24
511 486 24
511 403 24
493 454 24
493 487 24
533 489 24
525 524 24
525 519 24
519 524 24
454 487 24
454 541 24
454 540 24
454 542 24
540 541 24
540 542 24
528 489 24
528 529 24
489 529 24
471 541 24
541 542 24
544 496 25
544 537 25
544 545 25
546 528 25
546 547 25
546 536 25
459 548 25
459 549 25
459 550 25
459 551 25
459 473 25
459 552 25
459 553 25
459 554 25
547 541 25
547 536 25
547 528 25
547 388 25
547 555 25
547 487 25
556 339 25
556 557 25
556 558 25
498 559 25
498 560 25
498 561 25
469 496 25
469 562 25
469 563 25
469 553 25
469 501 25
469 473 25
469 554 25
564 557 25
565 566 25
565 487 25
565 536 25
491 567 25
483 568 25
569 570 25
492 567 25
492 571 25
492 257 25
492 572 25
409 568 25
409 530 25
409 573 25
409 499 25
409 480 25
480 499 25
480 481 25
480 482 25
574 495 25
574 560 25
574 575 25
574 517 25
481 482 25
567 487 25
567 576 25
567 257 25
567 502 25
567 571 25
558 511 25
558 577 25
558 465 25
465 511 25
465 577 25
496 578 25
496 579 25
496 580 25
496 553 25
496 545 25
578 559 25
578 257 25
578 580 25
578 356 25
578 579 25
351 518 25
351 537 25
351 513 25
351 517 25
216 559 25
216 495 25
216 537 25
216 581 25
216 561 25
582 557 25
582 339 25
582 583 25
568 530 25
568 573 25
501 562 25
501 497 25
501 356 25
501 563 25
501 529 25
501 473 25
501 554 25
513 495 25
513 518 25
513 517 25
513 581 25
259 530 25
259 584 25
259 471 25
259 554 25
257 559 25
257 356 25
257 571 25
585 584 25
585 554 25
585 471 25
530 586 25
530 587 25
530 573 25
530 588 25
530 525 25
530 554 25
473 589 25
473 550 25
473 563 25
473 457 25
473 554 25
339 557 25
339 396 25
590 518 25
590 538 25
549 548 25
549 552 25
549 551 25
549 553 25
591 244 25
591 592 25
593 594 25
593 577 25
593 560 25
593 575 25
593 377 25
588 586 25
588 587 25
588 595 25
566 487 25
566 576 25
566 536 25
566 528 25
566 571 25
518 538 25
518 517 25
457 589 25
457 512 25
377 581 25
377 572 25
377 559 25
377 580 25
377 522 25
377 553 25
377 560 25
377 579 25
495 581 25
495 559 25
495 561 25
495 517 25
495 560 25
495 575 25
472 563 25
472 527 25
472 545 25
559 581 25
559 561 25
559 560 25
244 592 25
388 596 25
388 541 25
388 539 25
512 340 25
512 597 25
555 487 25
587 586 25
587 514 25
587 595 25
587 340 25
572 598 25
572 522 25
572 599 25
572 600 25
548 553 25
548 552 25
548 551 25
490 525 25
490 340 25
490 520 25
340 514 25
340 525 25
340 597 25
340 520 25
502 487 25
571 576 25
476 562 25
517 560 25
517 575 25
584 554 25
584 471 25
551 552 25
551 553 25
536 487 25
536 528 25
520 525 25
520 601 25
581 561 25
581 560 25
550 589 25
550 554 25
580 553 25
580 579 25
557 583 25
602 537 25
471 482 25
471 554 25
600 598 25
600 599 25
539 596 25
539 541 25
553 579 25
553 552 25
560 561 25
560 575 25
598 599 25
497 562 25
511 577 25
596 541 25
527 563 25
454 529 25
603 604 25
603 601 25
603 514 25
575 577 25
278 529 25
563 356 25
563 529 25
529 356 25
604 514 25
604 601 25
554 562 25
514 601 25
544 605 26
606 607 26
606 608 26
606 609 26
606 610 26
611 612 26
611 613 26
611 601 26
611 614 26
611 490 26
611 615 26
459 528 26
459 616 26
469 472 26
469 497 26
469 617 26
469 618 26
491 487 26
619 530 26
619 620 26
619 621 26
619 517 26
619 622 26
623 496 26
623 624 26
623 625 26
626 465 26
626 620 26
626 627 26
626 538 26
612 615 26
612 340 26
612 614 26
492 599 26
492 628 26
409 259 26
409 573 26
409 501 26
629 630 26
629 566 26
629 487 26
629 631 26
629 632 26
574 518 26
574 513 26
609 608 26
609 607 26
609 610 26
633 630 26
633 566 26
633 631 26
633 632 26
631 630 26
631 566 26
631 632 26
567 599 26
634 557 26
634 635 26
634 624 26
634 636 26
558 620 26
558 465 26
558 396 26
637 480 26
637 638 26
465 620 26
465 377 26
465 593 26
465 577 26
465 627 26
465 538 26
496 639 26
496 578 26
496 624 26
496 356 26
578 605 26
578 356 26
578 580 26
640 259 26
640 641 26
640 642 26
640 638 26
640 643 26
640 644 26
640 645 26
640 584 26
640 646 26
640 554 26
640 309 26
638 259 26
638 480 26
638 642 26
638 643 26
638 644 26
638 584 26
638 646 26
638 554 26
638 309 26
643 585 26
643 554 26
643 584 26
643 471 26
627 620 26
627 593 26
627 647 26
627 339 26
627 538 26
501 259 26
501 573 26
513 518 26
259 278 26
259 641 26
259 642 26
259 573 26
259 644 26
259 645 26
259 646 26
259 554 26
259 309 26
585 471 26
585 554 26
530 621 26
530 622 26
530 620 26
530 517 26
530 577 26
615 613 26
615 601 26
615 614 26
615 340 26
473 472 26
473 648 26
473 616 26
473 550 26
473 649 26
636 635 26
636 598 26
590 518 26
628 571 26
593 647 26
593 377 26
588 650 26
588 537 26
588 587 26
588 651 26
566 487 26
566 652 26
566 632 26
566 630 26
561 653 26
519 650 26
377 521 26
377 598 26
377 522 26
377 571 26
495 654 26
472 648 26
472 655 26
472 550 26
472 618 26
472 616 26
472 617 26
472 649 26
613 601 26
244 537 26
244 656 26
624 635 26
624 639 26
610 607 26
610 608 26
555 596 26
555 657 26
555 539 26
605 580 26
658 659 26
658 340 26
658 579 26
587 514 26
587 660 26
587 651 26
616 648 26
616 550 26
616 528 26
616 649 26
661 650 26
661 340 26
614 340 26
614 457 26
490 660 26
490 514 26
490 662 26
490 601 26
490 525 26
340 650 26
647 663 26
647 664 26
571 521 26
571 653 26
571 599 26
630 487 26
630 632 26
665 594 26
665 557 26
665 583 26
666 497 26
666 562 26
666 476 26
666 667 26
538 577 26
538 620 26
650 651 26
618 617 26
476 562 26
476 356 26
517 621 26
517 620 26
517 622 26
645 454 26
645 641 26
645 642 26
645 644 26
584 554 26
620 621 26
620 622 26
594 583 26
520 525 26
667 497 26
550 648 26
580 664 26
580 653 26
641 642 26
641 644 26
642 644 26
642 646 26
642 554 26
642 309 26
573 596 26
573 278 26
471 457 26
471 554 26
617 497 26
539 596 26
539 541 26
539 657 26
653 664 26
653 599 26
656 537 26
309 644 26
309 646 26
309 554 26
598 522 26
607 608 26
664 663 26
659 579 26
668 356 26
646 644 26
646 554 26
621 622 26
596 657 26
596 278 26
541 657 26
525 662 26
525 660 26
525 514 26
579 599 26
514 660 26
514 662 26
514 537 26
454 529 26
554 644 26
660 662 26
494 498 27
494 669 27
544 496 27
544 654 27
544 639 27
544 650 27
544 659 27
544 525 27
544 519 27
544 670 27
544 625 27
651 588 27
611 244 27
611 671 27
611 672 27
459 496 27
459 673 27
459 639 27
459 497 27
459 528 27
459 674 27
459 473 27
459 457 27
498 669 27
498 529 27
469 501 27
469 675 27
469 476 27
469 676 27
469 529 27
469 657 27
469 584 27
491 566 27
491 677 27
619 594 27
623 678 27
623 496 27
623 679 27
680 664 27
680 681 27
680 682 27
680 636 27
680 683 27
612 601 27
612 614 27
612 684 27
612 685 27
612 670 27
612 686 27
409 687 27
409 640 27
409 482 27
409 471 27
629 688 27
629 536 27
629 631 27
675 679 27
675 476 27
675 676 27
675 529 27
675 657 27
675 584 27
681 689 27
681 682 27
681 636 27
681 580 27
681 664 27
681 690 27
681 683 27
633 536 27
567 653 27
567 677 27
634 593 27
634 691 27
634 609 27
634 607 27
692 689 27
692 693 27
692 694 27
692 695 27
692 696 27
692 697 27
692 698 27
692 699 27
689 578 27
689 700 27
689 519 27
689 695 27
689 580 27
689 664 27
689 690 27
689 697 27
689 698 27
689 579 27
689 654 27
578 690 27
578 519 27
578 695 27
578 476 27
578 580 27
578 700 27
578 698 27
640 673 27
640 497 27
640 687 27
640 471 27
640 473 27
640 554 27
697 700 27
697 654 27
697 695 27
697 698 27
697 579 27
627 593 27
627 495 27
627 647 27
670 496 27
670 639 27
670 601 27
670 684 27
670 686 27
670 625 27
701 588 27
683 682 27
683 702 27
683 664 27
683 571 27
683 668 27
683 636 27
501 703 27
501 584 27
501 554 27
704 516 27
704 694 27
704 696 27
704 530 27
704 518 27
704 699 27
672 490 27
672 244 27
672 656 27
672 671 27
513 518 27
513 700 27
513 696 27
513 538 27
259 703 27
259 584 27
259 554 27
530 518 27
530 694 27
530 696 27
530 699 27
473 648 27
473 673 27
473 497 27
473 528 27
473 457 27
473 471 27
473 685 27
339 396 27
705 487 27
705 539 27
593 495 27
593 607 27
593 691 27
593 609 27
593 647 27
706 514 27
659 650 27
659 519 27
659 654 27
659 601 27
566 707 27
518 694 27
518 696 27
518 700 27
518 699 27
457 648 27
457 673 27
457 497 27
457 528 27
457 685 27
685 614 27
685 528 27
685 648 27
685 708 27
685 684 27
685 686 27
495 647 27
700 690 27
700 519 27
700 654 27
700 695 27
700 696 27
700 580 27
700 698 27
700 579 27
702 668 27
702 571 27
702 682 27
244 490 27
244 656 27
244 686 27
244 671 27
677 653 27
555 454 27
555 487 27
698 519 27
698 695 27
698 580 27
698 690 27
698 579 27
698 654 27
699 693 27
699 516 27
699 694 27
699 696 27
587 525 27
614 686 27
490 656 27
490 671 27
571 682 27
571 668 27
571 653 27
571 522 27
571 599 27
571 709 27
538 621 27
709 668 27
709 653 27
709 599 27
650 525 27
650 601 27
476 679 27
476 676 27
476 657 27
678 496 27
678 580 27
678 654 27
678 679 27
584 703 27
584 529 27
584 554 27
710 454 27
710 711 27
710 529 27
609 607 27
609 691 27
693 694 27
693 696 27
536 688 27
708 684 27
708 686 27
703 554 27
522 668 27
522 682 27
516 694 27
516 696 27
694 696 27
580 519 27
580 654 27
580 695 27
580 664 27
580 690 27
580 599 27
580 579 27
471 687 27
471 673 27
625 496 27
625 639 27
539 487 27
712 645 27
712 554 27
712 644 27
639 496 27
676 657 27
676 679 27
653 487 27
653 668 27
653 599 27
656 671 27
684 601 27
684 686 27
607 691 27
607 608 27
607 610 27
497 673 27
497 528 27
497 687 27
497 554 27
664 682 27
664 636 27
664 690 27
687 554 27
668 682 27
668 599 27
496 674 27
682 636 27
621 577 27
596 541 27
695 519 27
695 690 27
695 579 27
695 654 27
525 660 27
525 514 27
657 679 27
579 654 27
579 599 27
519 690 27
519 654 27
514 660 27
691 608 27
691 610 27
713 645 27
713 644 27
454 487 27
454 278 27
454 529 27
454 711 27
714 688 27
528 648 27
528 673 27
711 529 27
610 608 27
645 554 27
645 644 27
594 577 27
554 644 27
601 686 27
715 634 28
715 610 28
494 496 28
494 639 28
494 498 28
494 459 28
494 657 28
494 623 28
544 496 28
544 498 28
544 519 28
544 623 28
611 490 28
611 672 28
459 498 28
459 612 28
459 601 28
459 614 28
498 623 28
469 676 28
469 657 28
469 584 28
469 716 28
469 529 28
491 567 28
491 633 28
491 677 28
619 538 28
623 657 28
626 622 28
626 538 28
612 601 28
612 614 28
480 644 28
480 309 28
609 608 28
633 567 28
633 653 28
633 677 28
633 561 28
567 677 28
634 593 28
634 647 28
634 610 28
496 519 28
496 639 28
578 579 28
578 454 28
578 476 28
578 580 28
640 703 28
640 497 28
640 687 28
640 673 28
697 700 28
697 501 28
697 695 28
627 593 28
627 516 28
627 647 28
670 625 28
501 555 28
501 700 28
501 695 28
672 490 28
672 244 28
513 518 28
513 516 28
513 717 28
513 696 28
513 699 28
259 703 28
259 278 28
259 573 28
259 645 28
259 584 28
259 554 28
530 577 28
530 621 28
530 696 28
530 699 28
473 648 28
473 673 28
473 497 28
473 528 28
473 687 28
473 457 28
636 557 28
636 682 28
636 718 28
549 551 28
593 495 28
593 647 28
588 244 28
717 516 28
717 694 28
717 696 28
717 518 28
717 577 28
717 699 28
518 516 28
518 694 28
518 696 28
518 577 28
518 699 28
457 687 28
700 653 28
700 695 28
700 561 28
702 571 28
702 561 28
244 490 28
677 632 28
555 541 28
699 516 28
699 694 28
699 696 28
699 577 28
614 601 28
571 561 28
669 678 28
669 639 28
669 719 28
720 679 28
476 676 28
476 454 28
476 579 28
476 580 28
629 721 28
629 707 28
645 703 28
645 713 28
645 644 28
645 584 28
645 554 28
584 703 28
584 278 28
584 716 28
584 529 28
584 554 28
520 525 28
520 694 28
520 519 28
520 660 28
703 687 28
703 554 28
516 696 28
694 696 28
694 577 28
694 519 28
580 639 28
580 579 28
557 682 28
573 278 28
538 622 28
639 678 28
639 719 28
676 657 28
676 716 28
676 529 28
653 561 28
309 644 28
497 648 28
497 673 28
497 528 28
497 687 28
722 707 28
687 673 28
716 657 28
716 529 28
719 678 28
682 718 28
621 696 28
596 454 28
596 688 28
596 714 28
657 487 28
657 679 28
657 529 28
679 487 28
514 660 28
713 644 28
454 487 28
454 711 28
454 688 28
454 714 28
696 577 28
714 688 28
528 648 28
528 673 28
711 487 28
721 707 28
278 554 28
648 673 28
529 554 28
494 498 29
494 459 29
611 723 29
611 672 29
459 496 29
498 496 29
498 719 29
469 676 29
469 476 29
469 529 29
724 557 29
724 608 29
491 653 29
612 601 29
612 614 29
629 631 29
574 593 29
574 627 29
633 720 29
633 653 29
633 679 29
631 497 29
631 471 29
634 571 29
634 495 29
634 627 29
634 682 29
496 719 29
578 657 29
578 700 29
578 695 29
578 580 29
725 593 29
725 726 29
627 495 29
627 682 29
627 593 29
627 571 29
670 727 29
501 259 29
501 454 29
501 487 29
672 723 29
513 518 29
513 516 29
513 696 29
259 573 29
259 487 29
259 278 29
530 577 29
473 648 29
473 673 29
636 571 29
636 718 29
593 495 29
593 516 29
593 726 29
518 516 29
457 649 29
495 682 29
495 571 29
700 580 29
700 579 29
700 695 29
555 541 29
614 601 29
571 682 29
625 639 29
720 653 29
720 679 29
650 660 29
476 716 29
476 529 29
480 309 29
620 621 29
728 622 29
520 519 29
520 525 29
520 660 29
703 687 29
580 695 29
580 579 29
557 608 29
573 278 29
554 713 29
539 454 29
539 541 29
676 529 29
653 679 29
497 687 29
497 471 29
716 529 29
695 579 29
525 519 29
525 660 29
519 660 29
679 711 29
679 454 29
454 711 29
454 541 29
696 577 29
648 673 29
529 673 29
494 669 30
494 639 30
494 695 30
494 498 30
494 459 30
494 625 30
682 571 30
682 718 30
682 636 30
457 528 30
457 649 30
611 729 30
611 672 30
611 730 30
459 639 30
459 625 30
549 551 30
536 688 30
541 555 30
541 714 30
498 669 30
498 695 30
469 676 30
469 476 30
588 729 30
724 557 30
657 720 30
657 653 30
657 633 30
657 711 30
700 578 30
700 695 30
714 711 30
520 650 30
520 519 30
520 731 30
495 593 30
495 726 30
727 519 30
727 731 30
703 480 30
703 713 30
703 497 30
703 687 30
703 732 30
703 309 30
612 601 30
612 614 30
519 650 30
679 720 30
632 653 30
632 633 30
629 631 30
713 687 30
713 584 30
713 554 30
476 676 30
729 672 30
729 730 30
633 653 30
649 528 30
733 734 30
732 497 30
732 687 30
732 712 30
732 309 30
578 695 30
735 573 30
735 554 30
639 625 30
573 309 30
573 278 30
278 309 30
473 673 30
718 571 30
718 636 30
571 636 30
687 497 30
627 593 30
627 726 30
614 601 30
614 625 30
712 309 30
554 584 30
593 726 30
650 731 30
672 730 30
736 619 30
480 309 30
682 557 31
682 726 31
737 722 31
737 738 31
737 739 31
549 592 31
695 632 31
695 650 31
695 696 31
705 688 31
738 722 31
703 712 31
679 555 31
679 541 31
516 696 31
696 650 31
557 726 31
555 541 31
739 722 31
722 740 31
737 741 32
737 742 32
743 744 32
743 745 32
746 747 32
746 651 32
748 722 32
749 750 32
749 751 32
749 752 32
705 753 32
705 573 32
705 688 32
754 755 32
754 756 32
703 650 32
747 651 32
516 726 32
722 555 32
722 688 32
727 573 32
727 592 32
753 688 32
757 726 32
555 688 32
555 541 32
745 744 32
758 490 32
744 632 32
750 751 32
755 756 32
650 651 32
751 688 32
737 745 33
743 688 33
743 745 33
746 747 33
746 759 33
746 651 33
749 573 33
756 760 33
761 751 33
761 750 33
753 688 33
573 482 33
745 688 33
651 759 33
762 688 33
750 751 33
763 751 33
650 592 33
743 745 34
756 760 34
764 765 34
764 766 34
767 750 34
745 555 34
651 768 34
769 770 34
750 751 34
766 771 35
772 773 35
774 755 35
774 775 35
776 777 35
776 651 35
651 777 35
775 755 35
775 592 35
778 759 35
759 777 35
592 755 35
760 756 35
743 779 36
743 780 36
781 778 36
782 755 36
782 756 36
782 777 36
782 775 36
783 772 36
783 780 36
784 785 36
756 777 36
786 787 36
775 755 36
788 651 36
767 772 36
789 772 36
745 790 36
776 592 36
785 750 36
780 779 36
791 790 36
791 787 36
750 792 36
790 787 36
793 794 37
793 795 37
793 796 37
793 745 37
793 797 37
743 796 37
743 798 37
743 797 37
799 800 37
799 801 37
799 802 37
799 803 37
804 755 37
804 756 37
805 783 37
805 806 37
807 808 37
783 809 37
783 810 37
783 811 37
784 812 37
784 813 37
802 750 37
802 800 37
802 803 37
797 794 37
796 798 37
796 814 37
815 792 37
800 803 37
800 792 37
800 801 37
775 816 37
817 818 37
778 819 37
778 820 37
778 821 37
782 592 37
811 809 37
811 777 37
822 745 37
823 745 37
823 814 37
823 824 37
795 745 37
812 813 37
819 821 37
819 820 37
801 792 37
820 821 37
791 808 37
791 787 37
750 809 37
776 745 37
810 824 37
814 745 37
825 755 38
826 821 38
826 827 38
828 792 38
829 820 38
783 830 38
831 832 38
814 766 38
775 833 38
767 813 38
819 821 38
789 745 38
834 750 38
835 836 38
835 837 38
830 824 38
837 836 38
821 827 38
838 827 39
838 592 39
782 839 39
840 841 39
826 827 39
775 842 39
834 843 39
782 815 40
840 844 40
844 845 40
841 845 40
841 592 40
845 592 40
846 839 40
846 847 40
847 839 40
766 848 41
841 842 41
815 782 42
849 850 42
851 806 42
825 852 43
841 848 43
841 853 43
848 853 43
854 855 44
856 857 44
858 859 44
858 860 44
858 861 44
862 855 44
862 863 44
862 852 44
862 819 44
819 863 44
819 864 44
819 852 44
864 865 44
864 863 44
863 865 44
863 852 44
861 859 44
861 860 44
859 860 44
853 798 44
866 852 45
867 868 45
867 869 45
859 870 45
871 872 45
852 873 45
874 875 45
854 876 45
868 869 45
862 877 45
862 875 45
877 878 45
879 880 46
879 881 46
879 882 46
879 883 46
863 859 46
863 884 46
863 885 46
886 887 46
888 889 46
888 890 46
891 892 46
893 894 46
895 894 46
896 874 46
871 875 46
884 897 46
884 859 46
884 885 46
884 819 46
898 859 46
898 889 46
898 870 46
897 859 46
897 819 46
897 899 46
852 900 46
852 901 46
852 877 46
852 887 46
882 880 46
882 881 46
874 902 46
819 903 46
856 875 46
889 864 46
904 900 46
904 877 46
904 905 46
905 906 46
870 859 46
870 907 46
870 864 46
908 864 46
909 894 46
877 900 46
877 887 46
894 885 46
880 881 46
880 883 46
899 859 46
885 859 46
916 904 47
917 918 47
917 891 47
917 885 47
919 907 47
919 870 47
919 899 47
890 920 47
921 874 47
921 864 47
910 915 47
910 892 47
910 922 47
910 912 47
910 914 47
910 923 47
863 897 47
863 819 47
863 907 47
863 924 47
863 899 47
867 877 47
867 852 47
867 925 47
926 927 47
928 864 47
928 889 47
886 927 47
886 880 47
886 929 47
886 930 47
886 882 47
886 931 47
886 891 47
931 930 47
891 918 47
891 882 47
891 880 47
891 922 47
893 918 47
893 874 47
893 894 47
912 932 47
912 915 47
912 914 47
912 923 47
933 856 47
933 894 47
933 934 47
934 894 47
927 935 47
927 936 47
927 930 47
937 925 47
852 877 47
852 904 47
852 925 47
882 880 47
882 922 47
874 864 47
874 929 47
898 908 47
898 907 47
898 938 47
914 932 47
914 915 47
914 939 47
914 923 47
940 904 47
940 936 47
856 894 47
941 907 47
932 923 47
889 908 47
889 899 47
889 864 47
889 870 47
819 897 47
819 885 47
929 930 47
883 942 47
883 943 47
883 939 47
904 877 47
939 922 47
939 915 47
870 864 47
870 924 47
870 899 47
908 907 47
908 938 47
908 864 47
922 944 47
922 892 47
922 923 47
943 942 47
894 918 47
923 892 47
924 907 47
924 899 47
938 907 47
918 885 47
881 880 47
907 899 47
864 899 47
936 935 47
897 885 47
945 946 48
945 889 48
917 918 48
917 947 48
917 948 48
917 885 48
920 891 48
920 898 48
949 950 48
949 897 48
949 921 48
949 951 48
949 874 48
952 918 48
952 852 48
953 947 48
953 954 48
953 924 48
953 955 48
953 819 48
953 907 48
953 870 48
953 956 48
953 957 48
953 951 48
953 958 48
953 959 48
953 948 48
953 885 48
919 959 48
919 960 48
919 907 48
958 961 48
958 954 48
958 907 48
958 960 48
958 928 48
958 962 48
963 877 48
963 964 48
910 965 48
910 915 48
910 881 48
910 939 48
910 891 48
910 883 48
910 898 48
867 877 48
867 940 48
928 961 48
928 960 48
928 962 48
886 966 48
886 942 48
886 931 48
886 882 48
886 930 48
931 882 48
931 883 48
967 941 48
967 956 48
967 968 48
967 969 48
967 938 48
891 915 48
891 943 48
891 930 48
891 883 48
891 898 48
970 918 48
970 971 48
970 972 48
852 918 48
852 973 48
933 856 48
933 893 48
933 894 48
933 974 48
898 941 48
898 932 48
898 938 48
964 975 48
879 883 48
879 915 48
798 882 48
927 877 48
927 894 48
955 947 48
955 954 48
955 924 48
955 956 48
955 957 48
955 959 48
955 948 48
912 932 48
950 921 48
950 951 48
957 947 48
957 870 48
957 885 48
957 959 48
951 921 48
951 976 48
951 874 48
951 819 48
974 856 48
974 977 48
974 894 48
974 934 48
972 971 48
972 934 48
934 977 48
934 894 48
948 947 48
948 924 48
948 918 48
948 956 48
948 885 48
948 954 48
948 893 48
971 918 48
941 969 48
941 968 48
932 938 48
819 874 48
907 961 48
907 954 48
907 960 48
907 959 48
976 874 48
939 965 48
870 885 48
977 894 48
978 921 48
969 968 48
969 956 48
966 930 48
943 883 48
968 956 48
877 894 48
894 973 48
894 893 48
962 961 48
962 960 48
947 924 48
947 918 48
947 885 48
947 959 48
954 924 48
924 885 48
918 885 48
918 893 48
915 883 48
960 961 48
960 959 48
921 897 48
921 874 48
897 874 48
897 885 48
885 874 48
979 980 49
945 961 49
945 889 49
981 982 49
981 983 49
981 975 49
981 984 49
981 985 49
981 986 49
981 987 49
988 989 49
988 990 49
988 886 49
991 915 49
991 992 49
953 874 49
953 957 49
953 976 49
953 993 49
953 994 49
919 959 49
919 928 49
995 910 49
995 996 49
995 997 49
963 964 49
963 998 49
994 957 49
910 999 49
910 997 49
910 883 49
997 883 49
997 996 49
959 928 49
928 960 49
886 990 49
886 927 49
886 989 49
886 984 49
886 980 49
886 1000 49
886 1001 49
931 1002 49
933 1003 49
933 1004 49
934 918 49
1005 949 49
1005 1006 49
990 989 49
990 1007 49
990 940 49
927 1001 49
983 982 49
983 975 49
983 984 49
983 985 49
983 1008 49
983 986 49
983 987 49
986 982 49
986 975 49
986 984 49
986 985 49
986 987 49
882 999 49
882 883 49
882 1009 49
882 1010 49
882 1011 49
1012 1013 49
1012 885 49
874 885 49
874 976 49
874 993 49
874 1014 49
1013 885 49
1004 1003 49
971 918 49
971 972 49
971 1015 49
972 918 49
972 1015 49
898 870 49
898 938 49
881 915 49
940 1007 49
961 960 49
961 958 49
949 1006 49
915 992 49
1011 1016 49
1011 999 49
1011 1010 49
976 993 49
943 942 49
984 982 49
984 975 49
984 985 49
984 980 49
984 987 49
984 1000 49
984 1001 49
942 883 49
999 1010 49
999 1009 49
999 883 49
985 982 49
985 975 49
985 987 49
968 938 49
958 960 49
1000 1001 49
1000 867 49
1000 980 49
1008 987 49
982 975 49
982 987 49
918 1015 49
987 975 49
1010 883 49
1017 885 49
1018 885 49
1014 885 49
1001 980 49
961 1019 50
961 1020 50
961 1021 50
961 958 50
981 927 50
981 983 50
981 1022 50
981 918 50
981 972 50
981 987 50
1023 1024 50
1025 1018 50
1026 1027 50
1021 958 50
910 1010 50
1028 886 50
1028 940 50
997 1010 50
997 898 50
928 959 50
928 960 50
886 1022 50
886 982 50
886 940 50
931 1029 50
1030 1029 50
1030 938 50
1030 1031 50
1030 1032 50
1032 1029 50
1032 1031 50
1033 975 50
1033 998 50
1033 1034 50
971 918 50
971 972 50
971 1015 50
898 1010 50
898 938 50
1005 1014 50
982 1022 50
982 998 50
927 987 50
927 943 50
983 1022 50
983 987 50
983 972 50
975 998 50
975 1034 50
1012 1035 50
1012 1017 50
1019 1020 50
1031 1029 50
1031 968 50
1029 938 50
972 1022 50
972 1015 50
972 918 50
1036 1037 50
1034 998 50
1006 1014 50
976 993 50
968 1017 50
958 960 50
915 1016 50
938 1038 50
938 1017 50
918 1015 50
1038 1017 50
960 959 50
1010 1016 50
1022 998 50
1039 988 51
1010 1024 51
910 997 51
1028 943 51
1024 943 51
1040 996 51
1040 1041 51
928 959 51
931 1042 51
931 1018 51
981 983 51
1033 1043 51
1033 998 51
1044 976 51
1044 993 51
983 972 51
983 1045 51
1043 998 51
1046 1047 51
1046 1048 51
972 1045 51
1049 1048 51
1045 1050 51
1036 1015 51
1050 1037 51
1034 1051 51
959 1042 51
1047 1048 51
976 993 51
976 1014 51
1014 993 51
1052 1015 51
898 1053 51
898 1018 51
898 1048 51
1054 1053 51
1054 1055 51
915 996 51
1042 1018 51
996 1041 51
1055 1053 51
1048 1053 51
1039 1056 52
988 989 52
997 1012 52
981 983 52
981 1045 52
1005 1057 52
1058 1052 52
983 1045 52
1012 1036 52
1006 1057 52
1059 1060 52
1052 1015 52
1054 1053 52
1023 1061 53
1062 1031 53
963 975 53
963 1063 53
1056 1028 53
1064 1037 53
1065 1066 53
1005 1006 53
1005 1057 53
955 874 53
955 1006 53
955 1067 53
955 1014 53
874 1006 53
874 1014 53
1031 1010 53
1045 1050 53
1006 1014 53
1059 1060 53
1010 1061 53
1010 1041 53
1061 1041 53
1068 1066 54
1067 1060 54
986 1023 54
955 1014 54
975 1063 54
975 963 54
975 1045 54
938 1010 54
938 1031 54
963 1063 54
963 1045 54
1063 989 54
1063 1045 54
1068 1069 55
1068 955 55
1068 975 55
1068 963 55
1068 998 55
1068 1070 55
1068 989 55
1071 1072 55
1071 1073 55
1071 1074 55
1071 1075 55
1076 1077 55
1076 1078 55
963 975 55
1072 1073 55
1072 1074 55
1072 1075 55
1079 1080 55
1079 975 55
1079 1081 55
1079 1063 55
1082 1056 55
1082 1010 55
1082 1031 55
1082 938 55
1083 1084 55
1070 1060 55
1070 955 55
1085 1086 55
1085 1067 55
1085 955 55
1087 1010 55
1069 1056 55
1069 989 55
1069 998 55
1069 1045 55
955 1067 55
955 1086 55
955 1045 55
975 1080 55
975 1088 55
975 1063 55
975 1081 55
1074 1073 55
1074 1075 55
1074 938 55
1063 1080 55
1063 1089 55
1063 1081 55
1063 998 55
1063 1090 55
1063 1045 55
1091 1086 55
1091 1092 55
1091 1093 55
1031 1075 55
1031 1010 55
1031 938 55
1073 1075 55
1090 1089 55
1090 998 55
1092 1093 55
1059 1078 55
1059 1077 55
1075 938 55
1075 1010 55
1088 1080 55
1088 1081 55
998 989 55
998 1089 55
998 1056 55
998 1045 55
1078 1094 55
1078 1077 55
1056 989 55
1056 986 55
1056 1045 55
1067 1086 55
1080 1095 55
1080 1081 55
1095 1081 55
1086 1096 55
1094 1077 55
989 1045 55
1097 1098 56
1097 1099 56
1097 1100 56
1101 955 56
1086 1102 56
1086 1103 56
1086 1104 56
1102 955 56
1102 1104 56
1105 1073 56
1105 1106 56
1098 1099 56
1098 1100 56
1100 955 56
1100 1104 56
1100 1107 56
1100 1081 56
1100 1099 56
1108 1087 56
1109 1081 56
1073 1106 56
1104 955 56
1104 1107 56
1104 1081 56
1107 1081 56
1107 955 56
955 1081 56
1110 1111 57
1110 1112 57
1113 1081 57
1113 1107 57
1102 1114 57
1102 1107 57
1102 1104 57
1115 955 57
1116 1117 57
1118 1119 57
1120 1121 57
955 1073 57
955 1122 57
1122 1121 57
1117 1086 57
1117 1111 57
1098 1081 57
1111 1086 57
1123 1086 57
1112 1081 57
1124 1086 57
1107 1081 57
1107 1125 57
1107 1104 57
1104 1125 57
1102 1070 58
1102 1126 58
1102 955 58
1115 1127 58
1128 1129 58
1128 1080 58
1128 1130 58
1070 1126 58
1070 1131 58
1070 955 58
1118 1132 58
1120 1127 58
1120 1133 58
955 1126 58
955 1131 58
1122 1123 58
1133 1127 58
1133 1134 58
1117 1111 58
1117 1126 58
1135 1131 58
1129 1080 58
1129 1130 58
1080 1130 58
1136 1137 58
1136 1087 58
1124 1138 58
1139 1140 59
1141 1129 59
1141 1142 59
1102 1070 59
1102 1135 59
1143 1144 59
1107 1145 59
1107 1146 59
1107 1147 59
1107 1117 59
1107 1144 59
1115 1148 59
1149 1087 59
1070 1150 59
1070 1151 59
1152 1145 59
1152 1117 59
1152 1153 59
1152 1154 59
1120 1142 59
1140 1127 59
1140 1129 59
1122 1155 59
1122 1156 59
1122 1157 59
1122 1129 59
1122 1130 59
1132 1137 59
1151 1150 59
1151 1154 59
1117 1146 59
1117 1145 59
1117 1147 59
1117 1153 59
1156 1155 59
1156 1157 59
1146 1145 59
1146 1147 59
1127 1129 59
1155 1157 59
1158 1159 59
1158 1131 59
1158 1160 59
1145 1154 59
1145 1147 59
1150 1154 59
1129 1142 59
1129 1130 59
1160 1159 59
1160 1131 59
1087 1136 59
1087 1131 59
1131 1159 59
1131 1136 59
1161 1162 60
1161 1155 60
1161 1122 60
1161 1163 60
1141 1129 60
1164 1145 60
1164 1165 60
1164 1166 60
1149 1087 60
1149 1167 60
1153 1152 60
1153 1139 60
1153 1168 60
1153 1131 60
1153 1169 60
1107 1166 60
1107 1131 60
1107 1170 60
1115 1162 60
1115 1122 60
1171 1134 60
1172 1173 60
1172 1117 60
1172 1116 60
1116 1111 60
1116 1173 60
1116 1174 60
1116 1117 60
1160 1175 60
1160 1143 60
1146 1147 60
1146 1152 60
1087 1136 60
1087 1167 60
1176 1137 60
1176 1139 60
1166 1165 60
1166 1145 60
1166 1131 60
1166 1170 60
1177 1144 60
1177 1102 60
1178 1179 60
1139 1137 60
1139 1131 60
1102 1131 60
1180 1159 60
1180 1181 60
1182 1137 60
1117 1111 60
1117 1174 60
1111 1174 60
1162 1155 60
1143 1170 60
1183 1137 60
1183 1184 60
1169 1137 60
1169 1168 60
1169 1131 60
1129 1158 60
1129 1185 60
1122 1163 60
1122 1155 60
1127 1134 60
1158 1137 60
1158 1150 60
1158 1185 60
1145 1165 60
1145 1136 60
1150 1137 60
1150 1136 60
1150 1168 60
1186 1187 60
1170 1131 60
1152 1147 60
1136 1168 60
1187 1188 60
1137 1167 60
1159 1181 60
1161 1162 61
1161 1163 61
1110 1116 61
1164 1145 61
1164 1165 61
1164 1166 61
1164 1153 61
1164 1144 61
1189 1190 61
1189 1159 61
1189 1116 61
1189 1112 61
1160 1191 61
1160 1175 61
1115 1129 61
1145 1177 61
1192 1172 61
1116 1190 61
1116 1159 61
1116 1112 61
1143 1177 61
1152 1107 61
1193 1183 61
1193 1194 61
1195 1127 61
1195 1196 61
1173 1197 61
1173 1198 61
1197 1198 61
1199 1200 61
1199 1102 61
1199 1201 61
1191 1087 61
1191 1175 61
1191 1202 61
1176 1183 61
1166 1165 61
1166 1153 61
1166 1131 61
1166 1144 61
1203 1185 61
1139 1200 61
1139 1201 61
1139 1168 61
1139 1131 61
1139 1204 61
1139 1169 61
1102 1200 61
1102 1201 61
1182 1175 61
1182 1167 61
1117 1147 61
1117 1146 61
1184 1205 61
1168 1153 61
1168 1204 61
1168 1169 61
1168 1131 61
1156 1206 61
1204 1131 61
1169 1153 61
1196 1127 61
1200 1201 61
1146 1190 61
1146 1147 61
1146 1112 61
1146 1207 61
1205 1194 61
1175 1137 61
1175 1179 61
1190 1159 61
1190 1112 61
1183 1194 61
1183 1136 61
1144 1165 61
1112 1159 61
1179 1137 61
1179 1153 61
1136 1167 61
1136 1131 61
1161 1162 62
1161 1163 62
1164 1166 62
1172 1151 62
1193 1169 62
1197 1207 62
1197 1198 62
1191 1087 62
1191 1179 62
1166 1117 62
1177 1147 62
1177 1169 62
1117 1147 62
1155 1208 62
1162 1163 62
1169 1147 62
1146 1190 62
1146 1147 62
1202 1087 62
1198 1207 62
1179 1087 62
1179 1168 62
1179 1136 62
1136 1137 62
1136 1168 62
1209 1210 63
1115 1142 63
1160 1087 63
1160 1190 63
1160 1179 63
1160 1169 63
1211 1163 63
1211 1185 63
1197 1212 63
1197 1207 63
1166 1177 63
1163 1185 63
1204 1169 63
1204 1202 63
1169 1179 63
1212 1207 63
1146 1147 63
1202 1175 63
1155 1208 63
1190 1087 63
1190 1147 63
1179 1137 63
1189 1197 64
1189 1213 64
1160 1175 64
1160 1214 64
1160 1179 64
1197 1146 64
1197 1213 64
1197 1207 64
1166 1190 64
1166 1153 64
1166 1177 64
1177 1190 64
1177 1207 64
1215 1206 64
1215 1216 64
1217 1142 64
1217 1218 64
1217 1196 64
1196 1142 64
1196 1218 64
1196 1187 64
1214 1175 64
1214 1179 64
1146 1190 64
1146 1147 64
1146 1213 64
1216 1155 64
1216 1206 64
1175 1179 64
1190 1213 64
1207 1147 64
1206 1142 64
1142 1218 64
