1 2 2
3 4 2
3 5 2
3 6 2
7 8 2
7 9 2
10 11 2
10 12 2
10 13 2
10 14 2
10 15 2
10 16 2
10 17 2
18 19 2
18 20 2
21 22 2
21 23 2
21 24 2
25 26 2
25 27 2
28 29 2
28 30 2
28 31 2
22 32 2
22 23 2
22 33 2
8 9 2
34 11 2
34 35 2
6 5 2
30 29 2
30 31 2
36 19 2
36 37 2
38 39 2
38 40 2
38 41 2
15 12 2
15 13 2
15 14 2
15 16 2
15 17 2
42 43 2
42 44 2
13 12 2
13 14 2
13 16 2
13 17 2
39 45 2
46 47 2
46 20 2
46 48 2
46 49 2
49 47 2
49 48 2
50 31 2
50 41 2
41 31 2
12 11 2
12 14 2
12 16 2
12 17 2
23 44 2
23 32 2
23 33 2
23 51 2
52 33 2
5 4 2
53 54 2
55 40 2
55 56 2
11 14 2
11 35 2
45 29 2
45 31 2
35 17 2
35 54 2
57 4 2
51 33 2
27 58 2
27 56 2
27 59 2
20 19 2
43 47 2
31 29 2
54 17 2
47 48 2
59 58 2
14 16 2
14 17 2
16 17 2
3 60 3
61 62 3
61 63 3
61 64 3
65 66 3
65 2 3
65 46 3
7 62 3
7 67 3
18 68 3
18 32 3
18 38 3
18 41 3
52 48 3
58 62 3
58 69 3
70 5 3
70 25 3
70 6 3
71 72 3
71 73 3
71 74 3
22 30 3
62 67 3
62 64 3
62 4 3
62 63 3
62 9 3
75 20 3
9 4 3
9 63 3
9 76 3
9 34 3
34 60 3
34 4 3
34 76 3
6 5 3
72 74 3
72 73 3
72 77 3
72 78 3
36 79 3
36 47 3
66 2 3
13 2 3
80 26 3
80 81 3
82 83 3
82 84 3
68 32 3
41 85 3
77 73 3
77 78 3
60 86 3
60 4 3
60 76 3
11 32 3
11 59 3
85 64 3
85 4 3
87 29 3
4 63 3
4 76 3
4 64 3
4 86 3
63 64 3
63 86 3
63 76 3
74 73 3
26 81 3
26 47 3
83 32 3
83 84 3
78 73 3
47 81 3
59 32 3
84 32 3
76 86 3
73 48 3
88 26 4
3 60 4
3 13 4
3 89 4
3 90 4
91 92 4
91 93 4
91 94 4
71 95 4
71 96 4
71 36 4
9 60 4
9 4 4
97 98 4
99 29 4
99 100 4
99 101 4
102 103 4
102 104 4
102 87 4
102 105 4
52 106 4
52 1 4
60 89 4
60 13 4
60 4 4
60 76 4
100 29 4
100 107 4
100 101 4
26 108 4
109 110 4
109 111 4
109 70 4
32 72 4
32 112 4
32 113 4
32 105 4
32 81 4
32 11 4
32 114 4
32 115 4
32 4 4
32 69 4
92 29 4
92 116 4
92 93 4
92 94 4
117 118 4
117 119 4
113 115 4
113 11 4
113 105 4
120 25 4
61 64 4
61 41 4
7 63 4
7 25 4
7 121 4
7 122 4
104 103 4
104 105 4
104 87 4
62 123 4
30 29 4
36 96 4
36 124 4
36 125 4
36 95 4
103 87 4
96 95 4
110 111 4
110 70 4
126 127 4
126 82 4
126 128 4
126 129 4
4 130 4
4 64 4
4 131 4
127 82 4
127 128 4
127 129 4
89 90 4
29 116 4
29 101 4
81 11 4
81 69 4
81 112 4
121 25 4
121 122 4
69 112 4
69 132 4
69 11 4
125 124 4
133 112 4
129 82 4
129 128 4
115 105 4
115 134 4
115 11 4
115 114 4
115 135 4
93 94 4
107 136 4
107 131 4
119 118 4
137 138 4
137 122 4
122 25 4
122 138 4
139 25 4
135 134 4
64 41 4
64 130 4
82 128 4
105 134 4
105 11 4
11 112 4
140 109 5
140 141 5
140 142 5
140 70 5
143 123 5
13 110 5
90 3 5
90 110 5
125 95 5
125 36 5
125 144 5
120 145 5
3 110 5
3 138 5
3 108 5
133 112 5
133 146 5
133 126 5
133 32 5
61 97 5
91 122 5
111 142 5
111 124 5
111 121 5
111 147 5
111 70 5
111 69 5
136 107 5
136 148 5
104 103 5
104 102 5
104 15 5
104 32 5
25 149 5
25 116 5
25 2 5
70 26 5
70 141 5
70 142 5
70 124 5
70 132 5
71 95 5
71 150 5
71 74 5
98 62 5
62 151 5
62 147 5
30 32 5
36 95 5
36 144 5
63 116 5
63 152 5
103 102 5
103 153 5
93 148 5
93 87 5
93 94 5
107 154 5
107 148 5
146 126 5
151 155 5
151 147 5
99 29 5
2 116 5
148 154 5
148 94 5
141 109 5
141 142 5
77 144 5
77 74 5
156 112 5
144 74 5
11 32 5
139 149 5
116 92 5
132 26 5
74 95 5
95 82 5
142 109 5
142 121 5
142 69 5
32 112 5
32 15 5
121 69 5
92 94 5
140 141 6
143 123 6
113 112 6
113 115 6
13 90 6
13 3 6
13 61 6
13 138 6
13 123 6
13 155 6
90 3 6
90 138 6
157 125 6
157 124 6
157 65 6
157 158 6
157 150 6
157 69 6
3 138 6
3 89 6
61 2 6
61 122 6
65 125 6
65 69 6
65 158 6
121 70 6
159 155 6
159 62 6
159 151 6
136 107 6
104 30 6
104 156 6
15 25 6
15 69 6
15 16 6
94 29 6
94 93 6
94 91 6
94 92 6
71 95 6
150 124 6
150 36 6
150 95 6
98 160 6
62 155 6
30 103 6
30 32 6
30 29 6
30 156 6
36 95 6
63 116 6
63 152 6
125 96 6
125 158 6
125 69 6
103 102 6
103 32 6
161 162 6
161 163 6
93 29 6
93 91 6
93 164 6
138 89 6
158 69 6
146 112 6
99 165 6
124 149 6
124 166 6
167 11 6
167 139 6
168 92 6
141 25 6
11 32 6
112 115 6
91 29 6
91 152 6
91 92 6
91 116 6
162 163 6
166 149 6
166 95 6
123 155 6
139 149 6
139 122 6
149 122 6
116 152 6
116 92 6
142 70 6
89 109 6
109 111 6
16 25 6
16 69 6
25 69 6
140 141 7
143 120 7
113 112 7
113 115 7
13 150 7
13 125 7
90 3 7
125 150 7
124 149 7
124 166 7
124 139 7
124 71 7
141 70 7
141 121 7
136 107 7
104 102 7
104 30 7
104 153 7
104 103 7
71 166 7
71 95 7
22 169 7
98 161 7
98 110 7
98 163 7
170 148 7
170 93 7
30 153 7
30 103 7
30 122 7
30 171 7
30 102 7
30 172 7
115 112 7
103 153 7
96 95 7
96 156 7
93 148 7
138 3 7
138 89 7
158 173 7
107 151 7
107 123 7
151 155 7
151 123 7
3 89 7
102 153 7
108 110 7
11 32 7
11 156 7
156 95 7
152 116 7
122 149 7
163 161 7
123 155 7
139 149 7
63 29 7
63 92 7
171 172 7
109 111 7
29 92 7
111 70 7
121 70 7
143 120 8
113 115 8
113 174 8
90 3 8
90 108 8
125 95 8
125 96 8
3 108 8
70 109 8
70 111 8
175 22 8
175 176 8
22 176 8
150 166 8
150 177 8
98 161 8
98 163 8
62 107 8
62 15 8
30 171 8
115 174 8
15 107 8
103 153 8
96 95 8
13 144 8
13 69 8
107 29 8
167 32 8
138 89 8
141 121 8
95 122 8
122 139 8
163 161 8
116 178 8
63 178 8
109 111 8
142 121 8
143 107 9
113 102 9
93 90 9
93 89 9
90 89 9
125 179 9
180 29 9
180 181 9
180 170 9
61 161 9
61 182 9
61 163 9
61 183 9
25 22 9
25 176 9
25 111 9
22 111 9
22 176 9
176 111 9
170 181 9
182 161 9
182 147 9
182 183 9
182 163 9
184 185 9
184 11 9
141 121 9
186 13 9
11 185 9
122 139 9
163 161 9
116 181 9
109 121 9
32 185 9
111 166 9
143 29 10
143 187 10
143 180 10
113 188 10
13 189 10
180 29 10
180 190 10
180 191 10
180 107 10
190 107 10
190 29 10
61 192 10
61 193 10
22 109 10
22 193 10
22 89 10
22 187 10
62 29 10
62 192 10
62 182 10
30 166 10
30 182 10
30 171 10
192 182 10
182 187 10
182 116 10
182 108 10
177 144 10
107 194 10
107 161 10
107 195 10
196 193 10
196 108 10
197 189 10
108 193 10
108 187 10
198 95 10
198 185 10
194 161 10
194 195 10
141 109 10
141 187 10
186 199 10
95 185 10
193 89 10
144 199 10
122 116 10
163 161 10
181 153 10
181 191 10
116 171 10
195 161 10
109 187 10
29 93 10
200 113 11
200 201 11
200 202 11
143 203 11
143 204 11
143 191 11
143 205 11
143 171 11
143 206 11
143 170 11
207 161 11
207 208 11
207 187 11
93 186 11
93 209 11
93 210 11
93 13 11
93 211 11
93 177 11
93 212 11
93 213 11
93 189 11
93 22 11
93 214 11
93 215 11
93 216 11
93 196 11
93 217 11
218 219 11
218 161 11
218 193 11
218 220 11
218 221 11
180 222 11
180 29 11
180 223 11
180 224 11
180 225 11
180 62 11
177 213 11
177 209 11
113 226 11
113 202 11
113 227 11
113 181 11
113 201 11
223 225 11
223 62 11
223 222 11
223 228 11
208 161 11
229 202 11
230 161 11
230 195 11
22 210 11
22 231 11
22 13 11
22 111 11
22 232 11
22 189 11
22 211 11
22 214 11
22 216 11
22 217 11
221 233 11
221 193 11
221 219 11
221 220 11
221 234 11
214 13 11
214 212 11
214 186 11
214 166 11
214 215 11
214 196 11
201 181 11
201 226 11
201 202 11
62 222 11
62 29 11
62 228 11
62 225 11
170 29 11
170 191 11
170 224 11
170 107 11
233 234 11
233 220 11
211 210 11
211 189 11
211 216 11
211 217 11
209 213 11
192 107 11
192 204 11
212 122 11
212 13 11
212 215 11
212 186 11
212 196 11
13 186 11
13 111 11
13 189 11
13 215 11
13 216 11
13 196 11
13 217 11
232 89 11
232 187 11
232 231 11
232 191 11
232 111 11
107 235 11
107 29 11
107 224 11
107 225 11
205 203 11
205 204 11
205 236 11
205 206 11
205 171 11
216 210 11
216 111 11
216 189 11
216 217 11
196 231 11
196 193 11
196 186 11
196 215 11
225 235 11
225 222 11
225 228 11
237 238 11
206 203 11
206 204 11
206 236 11
206 171 11
108 239 11
198 227 11
181 226 11
181 227 11
181 202 11
141 171 11
141 187 11
186 215 11
222 29 11
191 231 11
191 187 11
193 89 11
193 231 11
193 219 11
193 220 11
144 238 11
202 226 11
203 204 11
220 219 11
220 234 11
215 231 11
226 227 11
195 161 11
171 187 11
171 204 11
171 236 11
153 240 11
89 111 11
89 231 11
236 204 11
111 231 11
111 189 11
111 217 11
29 224 11
210 189 11
210 217 11
189 217 11
241 192 12
241 242 12
241 243 12
241 244 12
113 181 12
113 245 12
13 191 12
13 246 12
218 229 12
218 233 12
180 62 12
61 221 12
61 193 12
61 196 12
188 247 12
188 198 12
188 245 12
188 248 12
177 249 12
250 93 12
229 233 12
244 242 12
251 252 12
251 253 12
221 193 12
221 196 12
254 255 12
62 161 12
170 256 12
170 257 12
256 257 12
258 144 12
258 259 12
192 239 12
192 93 12
192 107 12
192 243 12
192 208 12
93 243 12
232 231 12
232 111 12
232 196 12
232 260 12
261 262 12
261 248 12
261 245 12
107 193 12
107 89 12
107 208 12
107 239 12
255 263 12
196 231 12
196 193 12
196 260 12
246 191 12
108 239 12
198 248 12
264 262 12
264 265 12
264 153 12
262 153 12
262 248 12
262 265 12
262 245 12
193 89 12
144 259 12
228 266 12
253 252 12
248 245 12
220 219 12
171 267 12
208 268 12
266 247 12
153 265 12
111 231 12
260 231 12
269 270 13
269 267 13
269 271 13
269 247 13
269 161 13
269 272 13
269 273 13
269 274 13
180 270 13
180 275 13
180 276 13
180 277 13
180 278 13
279 280 13
279 281 13
281 282 13
281 280 13
281 276 13
283 107 13
283 284 13
283 208 13
254 285 13
254 286 13
254 287 13
254 271 13
254 272 13
261 262 13
261 192 13
261 288 13
261 171 13
289 191 13
289 290 13
291 192 13
291 122 13
292 293 13
292 253 13
270 277 13
270 286 13
270 272 13
270 62 13
270 273 13
294 295 13
276 282 13
276 275 13
220 233 13
220 219 13
296 260 13
296 297 13
274 247 13
274 273 13
274 272 13
274 271 13
171 262 13
171 298 13
171 299 13
153 298 13
153 295 13
153 299 13
153 288 13
153 300 13
301 302 13
301 303 13
301 231 13
301 304 13
301 305 13
301 221 13
301 306 13
307 308 13
307 309 13
307 310 13
307 311 13
307 170 13
312 256 13
312 313 13
312 314 13
313 314 13
313 284 13
304 302 13
304 303 13
304 89 13
304 231 13
304 232 13
304 305 13
304 221 13
304 306 13
61 231 13
61 221 13
61 193 13
61 89 13
61 196 13
286 285 13
286 271 13
286 287 13
286 62 13
221 302 13
221 303 13
221 89 13
221 193 13
221 231 13
221 305 13
221 306 13
315 316 13
315 317 13
316 298 13
316 295 13
316 317 13
288 300 13
288 192 13
288 298 13
288 247 13
288 299 13
288 318 13
319 320 13
319 321 13
319 322 13
319 108 13
232 231 13
232 193 13
232 89 13
247 271 13
247 273 13
247 318 13
309 308 13
309 310 13
309 311 13
309 170 13
189 13 13
108 320 13
108 321 13
108 322 13
262 298 13
262 323 13
249 191 13
249 324 13
191 290 13
191 192 13
191 177 13
191 324 13
193 231 13
193 89 13
299 298 13
299 300 13
305 302 13
305 303 13
305 231 13
305 306 13
297 260 13
208 192 13
208 325 13
208 326 13
208 122 13
89 302 13
89 231 13
267 161 13
231 302 13
231 303 13
231 306 13
218 260 13
218 196 13
311 310 13
311 170 13
311 308 13
192 325 13
192 326 13
192 177 13
192 122 13
107 284 13
322 320 13
322 321 13
213 327 13
306 302 13
306 303 13
326 325 13
326 122 13
271 285 13
271 287 13
271 273 13
122 325 13
122 328 13
320 321 13
285 287 13
310 308 13
310 170 13
303 302 13
329 325 13
287 272 13
273 272 13
308 170 13
300 298 13
298 295 13
253 330 13
253 293 13
253 243 13
324 246 13
331 330 13
233 219 13
330 243 13
332 333 14
334 335 14
336 321 14
336 229 14
336 221 14
336 108 14
337 13 14
338 339 14
338 340 14
338 341 14
338 322 14
338 229 14
338 342 14
338 343 14
298 294 14
298 344 14
345 346 14
345 261 14
347 348 14
341 339 14
341 340 14
341 322 14
341 229 14
341 342 14
349 307 14
350 324 14
350 351 14
350 177 14
229 321 14
229 340 14
229 322 14
229 342 14
229 221 14
229 108 14
352 280 14
352 277 14
352 353 14
352 354 14
352 307 14
352 62 14
352 312 14
355 356 14
355 357 14
355 351 14
355 177 14
355 246 14
358 359 14
358 196 14
293 122 14
62 360 14
62 312 14
62 353 14
196 359 14
196 361 14
362 363 14
362 364 14
362 277 14
365 243 14
366 354 14
257 312 14
257 353 14
367 328 14
324 351 14
353 312 14
177 357 14
177 351 14
177 328 14
177 246 14
339 343 14
340 342 14
340 322 14
322 342 14
322 261 14
368 369 14
368 370 14
368 371 14
108 321 14
108 221 14
302 348 14
302 319 14
357 246 14
280 354 14
363 296 14
363 364 14
363 277 14
277 364 14
321 319 14
321 361 14
321 221 14
321 220 14
344 294 14
348 319 14
261 346 14
253 370 14
369 370 14
369 371 14
220 221 14
220 361 14
220 319 14
221 319 14
221 361 14
319 361 14
370 371 14
337 372 15
373 366 15
253 374 15
253 375 15
253 376 15
229 220 15
229 361 15
352 346 15
352 377 15
352 378 15
374 376 15
324 243 15
379 321 15
293 380 15
293 381 15
293 382 15
293 383 15
293 384 15
385 343 15
385 386 15
387 388 15
383 381 15
383 382 15
343 386 15
389 307 15
382 381 15
390 307 15
380 384 15
307 391 15
392 307 16
393 394 16
393 257 16
393 395 16
393 396 16
393 397 16
393 379 16
398 356 16
281 280 16
281 363 16
281 366 16
399 400 16
399 401 16
402 403 16
402 312 16
402 404 16
355 405 16
355 406 16
355 407 16
355 408 16
355 409 16
355 410 16
355 411 16
261 412 16
261 296 16
412 413 16
412 414 16
412 296 16
415 62 16
415 416 16
415 417 16
257 352 16
257 396 16
257 418 16
257 419 16
257 420 16
367 421 16
367 422 16
367 423 16
367 424 16
395 397 16
395 394 16
395 379 16
404 403 16
404 312 16
425 426 16
425 293 16
425 384 16
425 253 16
425 427 16
428 429 16
428 430 16
364 431 16
364 346 16
364 363 16
364 360 16
364 362 16
294 352 16
294 375 16
382 332 16
382 293 16
382 384 16
220 432 16
411 406 16
411 405 16
433 434 16
433 435 16
433 436 16
433 437 16
438 434 16
407 409 16
407 408 16
407 410 16
406 405 16
424 421 16
424 422 16
424 439 16
424 423 16
424 440 16
441 434 16
441 442 16
441 436 16
434 435 16
434 436 16
434 442 16
434 437 16
312 403 16
312 443 16
312 352 16
444 387 16
426 253 16
430 429 16
445 324 16
445 446 16
445 410 16
445 447 16
280 366 16
280 363 16
229 432 16
342 366 16
342 448 16
342 343 16
342 339 16
342 385 16
62 416 16
62 417 16
422 423 16
422 440 16
422 421 16
449 403 16
449 352 16
379 450 16
379 394 16
379 397 16
431 346 16
431 363 16
431 360 16
431 362 16
442 436 16
418 419 16
418 420 16
451 452 16
400 401 16
400 446 16
400 410 16
390 453 16
454 296 16
454 455 16
440 439 16
419 420 16
416 417 16
456 354 16
456 378 16
446 324 16
446 447 16
446 410 16
384 293 16
384 427 16
384 332 16
443 354 16
360 346 16
360 363 16
360 362 16
352 403 16
457 321 16
457 361 16
394 397 16
455 296 16
366 363 16
366 343 16
366 448 16
401 243 16
401 458 16
410 408 16
410 409 16
410 324 16
410 447 16
343 448 16
459 460 16
348 413 16
348 461 16
348 361 16
413 414 16
413 361 16
462 253 16
458 243 16
421 423 16
463 464 16
436 435 16
436 437 16
354 378 16
332 293 16
332 465 16
435 293 16
435 437 16
293 427 16
362 346 16
362 363 16
324 447 16
336 361 16
336 466 16
346 363 16
321 361 16
408 409 16
466 361 16
397 378 16
467 463 17
393 456 17
393 354 17
345 431 17
345 346 17
345 280 17
345 468 17
345 362 17
281 352 17
402 312 17
402 417 17
261 469 17
261 470 17
415 416 17
415 471 17
472 473 17
257 419 17
257 404 17
257 474 17
257 475 17
257 443 17
257 420 17
395 294 17
395 476 17
477 478 17
477 293 17
477 436 17
428 479 17
335 324 17
480 410 17
294 476 17
409 407 17
409 408 17
296 469 17
296 454 17
481 476 17
407 482 17
407 408 17
407 466 17
406 405 17
406 483 17
406 439 17
307 484 17
307 485 17
471 416 17
469 455 17
469 454 17
469 470 17
486 343 17
430 487 17
482 488 17
482 408 17
482 466 17
342 448 17
339 455 17
431 346 17
431 280 17
431 468 17
431 362 17
442 489 17
468 346 17
468 280 17
468 362 17
440 490 17
419 475 17
419 420 17
419 474 17
419 443 17
456 354 17
483 439 17
491 321 17
491 492 17
491 493 17
491 494 17
443 475 17
443 474 17
443 420 17
494 321 17
494 493 17
494 492 17
352 354 17
352 495 17
455 454 17
455 470 17
478 293 17
478 436 17
122 423 17
496 280 17
496 476 17
421 497 17
436 293 17
475 420 17
475 474 17
253 489 17
498 499 17
362 346 17
362 280 17
476 280 17
493 321 17
493 492 17
346 280 17
474 420 17
321 492 17
408 466 17
500 433 18
501 405 18
502 403 18
257 354 18
367 406 18
367 423 18
503 439 18
504 293 18
505 506 18
425 427 18
428 429 18
335 439 18
335 406 18
507 508 18
507 420 18
507 509 18
510 511 18
510 512 18
406 439 18
406 423 18
513 514 18
402 515 18
402 417 18
402 352 18
444 473 18
461 516 18
336 340 18
508 420 18
508 509 18
517 332 18
518 519 18
518 520 18
358 400 18
511 512 18
521 423 18
442 522 18
400 445 18
523 405 18
523 383 18
524 525 18
524 526 18
524 527 18
383 405 18
485 528 18
529 492 18
529 493 18
519 520 18
360 525 18
360 527 18
352 515 18
352 403 18
352 526 18
352 417 18
455 530 18
455 492 18
445 410 18
531 321 18
531 493 18
531 532 18
343 533 18
532 493 18
413 466 18
520 526 18
527 525 18
527 526 18
530 534 18
253 489 18
489 535 18
489 447 18
493 492 18
447 535 18
526 525 18
509 420 18
515 417 18
533 536 19
508 509 19
508 420 19
439 406 19
439 473 19
439 335 19
537 516 19
538 539 19
473 461 19
473 444 19
518 540 19
399 358 19
399 447 19
402 526 19
402 515 19
402 417 19
541 542 19
517 367 19
355 411 19
355 409 19
355 408 19
358 447 19
335 406 19
455 530 19
511 510 19
511 451 19
257 543 19
257 544 19
257 420 19
367 423 19
545 400 19
340 410 19
504 405 19
504 383 19
504 523 19
442 500 19
442 433 19
546 543 19
546 544 19
547 321 19
383 405 19
383 523 19
548 549 19
349 354 19
405 523 19
408 411 19
408 409 19
543 544 19
409 411 19
526 515 19
433 500 19
527 525 19
525 524 19
516 444 19
509 420 19
461 444 19
515 417 19
550 411 20
550 463 20
467 463 20
336 410 20
519 543 20
519 354 20
538 321 20
538 551 20
538 552 20
534 421 20
534 530 20
553 465 20
553 489 20
553 473 20
553 522 20
501 383 20
358 335 20
358 447 20
505 554 20
489 473 20
511 395 20
511 510 20
511 451 20
555 525 20
555 527 20
367 423 20
367 335 20
551 552 20
556 428 20
552 557 20
340 557 20
340 410 20
340 558 20
321 547 20
321 432 20
368 428 20
368 542 20
395 510 20
395 451 20
410 558 20
432 547 20
432 530 20
547 530 20
559 461 20
559 537 20
451 510 20
335 423 20
537 461 20
537 516 20
466 558 20
455 492 20
411 463 20
438 382 20
525 524 20
525 527 20
516 530 20
516 461 20
524 527 20
560 367 21
560 380 21
560 438 21
426 428 21
516 401 21
516 561 21
516 562 21
516 501 21
336 410 21
563 332 21
563 553 21
519 554 21
519 564 21
519 565 21
519 354 21
519 566 21
519 567 21
519 568 21
537 461 21
565 554 21
565 354 21
538 569 21
538 570 21
538 432 21
534 421 21
534 562 21
534 556 21
534 571 21
534 572 21
534 455 21
571 421 21
395 564 21
395 505 21
395 511 21
395 510 21
395 451 21
573 574 21
553 381 21
553 575 21
553 332 21
553 576 21
501 401 21
501 561 21
455 572 21
455 562 21
568 566 21
568 567 21
375 577 21
375 371 21
578 579 21
578 420 21
358 447 21
511 564 21
511 354 21
511 505 21
511 567 21
511 510 21
382 574 21
382 575 21
524 555 21
524 525 21
524 580 21
367 380 21
367 522 21
367 581 21
556 428 21
556 554 21
556 371 21
556 421 21
582 554 21
582 505 21
552 461 21
340 461 21
340 466 21
340 558 21
401 561 21
401 562 21
554 354 21
554 505 21
368 428 21
368 577 21
368 451 21
505 564 21
575 574 21
575 381 21
566 567 21
432 321 21
432 547 21
432 557 21
547 321 21
547 557 21
548 583 21
581 522 21
557 321 21
447 461 21
410 558 21
428 451 21
428 371 21
371 577 21
380 584 21
380 438 21
577 451 21
585 586 21
585 567 21
585 509 21
562 461 21
466 461 21
466 558 21
587 586 21
587 544 21
576 332 21
586 544 21
586 567 21
586 509 21
570 569 21
438 584 21
558 461 21
579 515 21
579 527 21
579 420 21
354 567 21
509 567 21
555 525 21
555 580 21
555 515 21
555 527 21
580 525 21
515 527 21
515 420 21
451 510 21
588 589 22
588 590 22
588 591 22
588 592 22
588 593 22
588 594 22
467 595 22
467 558 22
596 597 22
596 562 22
598 569 22
599 600 22
599 432 22
591 589 22
591 590 22
591 592 22
591 593 22
591 594 22
601 509 22
602 573 22
602 553 22
602 576 22
355 401 22
355 603 22
379 573 22
379 371 22
562 597 22
562 604 22
605 519 22
605 606 22
605 567 22
605 375 22
367 607 22
367 608 22
609 610 22
609 358 22
609 611 22
395 612 22
395 613 22
395 511 22
395 566 22
395 451 22
575 332 22
575 522 22
575 573 22
575 614 22
575 381 22
575 615 22
616 617 22
616 618 22
616 619 22
425 371 22
425 375 22
428 594 22
428 577 22
428 368 22
428 375 22
620 519 22
618 619 22
382 574 22
381 614 22
381 573 22
411 603 22
411 621 22
558 595 22
600 432 22
622 519 22
622 606 22
621 603 22
610 380 22
610 358 22
610 377 22
610 611 22
619 617 22
426 553 22
426 607 22
426 623 22
426 624 22
426 577 22
538 321 22
538 625 22
593 589 22
593 590 22
593 594 22
593 592 22
571 534 22
626 511 22
358 401 22
358 603 22
358 611 22
569 525 22
569 627 22
511 566 22
511 567 22
356 466 22
566 612 22
566 613 22
566 567 22
590 589 22
590 594 22
590 592 22
628 377 22
629 582 22
608 607 22
630 586 22
630 585 22
614 573 22
631 583 22
623 553 22
623 624 22
623 607 22
519 606 22
519 567 22
573 576 22
573 553 22
377 459 22
377 615 22
377 380 22
606 567 22
632 633 22
632 634 22
375 577 22
375 594 22
375 368 22
375 371 22
635 534 22
589 594 22
589 592 22
401 603 22
368 636 22
368 594 22
368 577 22
634 633 22
459 615 22
613 612 22
576 553 22
586 585 22
627 525 22
527 637 22
604 537 22
332 522 22
592 594 22
553 624 22
553 607 22
585 638 22
594 577 22
583 447 22
607 624 22
625 321 22
321 639 22
509 567 22
588 640 23
588 607 23
588 641 23
588 593 23
591 636 23
591 582 23
642 643 23
642 614 23
642 644 23
642 641 23
642 640 23
568 616 23
568 511 23
568 515 23
645 646 23
647 617 23
562 604 23
562 648 23
562 638 23
411 646 23
411 649 23
411 650 23
411 631 23
395 651 23
395 511 23
395 652 23
395 653 23
395 654 23
395 655 23
395 656 23
657 658 23
616 515 23
616 659 23
616 511 23
616 660 23
646 649 23
646 650 23
646 631 23
659 660 23
382 573 23
654 661 23
654 511 23
654 315 23
662 663 23
662 664 23
662 665 23
666 667 23
666 637 23
666 668 23
666 669 23
670 573 23
670 653 23
670 671 23
640 641 23
640 672 23
640 358 23
640 607 23
673 674 23
673 515 23
673 675 23
673 509 23
669 667 23
669 637 23
669 668 23
672 643 23
672 676 23
672 358 23
631 649 23
631 650 23
677 571 23
677 534 23
677 509 23
678 355 23
538 679 23
593 607 23
571 585 23
571 534 23
571 509 23
663 664 23
663 665 23
641 607 23
641 358 23
643 676 23
643 644 23
643 614 23
358 680 23
358 681 23
358 658 23
358 447 23
315 661 23
315 368 23
569 679 23
682 683 23
511 515 23
671 653 23
671 573 23
684 685 23
684 686 23
675 674 23
675 515 23
675 509 23
687 636 23
687 321 23
687 582 23
687 638 23
656 651 23
656 653 23
656 652 23
665 664 23
653 651 23
653 652 23
653 573 23
653 655 23
629 582 23
655 652 23
655 613 23
655 651 23
688 638 23
524 525 23
524 689 23
614 644 23
637 667 23
637 668 23
649 650 23
667 668 23
689 525 23
375 368 23
375 582 23
401 690 23
368 582 23
681 691 23
681 447 23
681 680 23
680 447 23
613 652 23
630 683 23
630 692 23
693 694 23
574 644 23
652 651 23
695 321 23
696 639 23
696 625 23
534 585 23
534 515 23
534 578 23
636 582 23
636 638 23
686 685 23
692 683 23
585 578 23
638 582 23
674 515 23
674 509 23
625 639 23
321 639 23
509 515 23
697 698 24
697 699 24
697 700 24
598 701 24
598 702 24
598 569 24
703 617 24
703 704 24
703 705 24
706 573 24
706 671 24
355 411 24
707 630 24
707 708 24
707 569 24
707 709 24
707 710 24
562 582 24
562 648 24
562 711 24
562 698 24
562 712 24
562 358 24
713 714 24
713 715 24
713 716 24
702 701 24
702 321 24
702 717 24
702 718 24
702 569 24
719 720 24
395 721 24
722 723 24
722 655 24
724 725 24
724 726 24
724 727 24
724 509 24
728 698 24
728 729 24
728 699 24
730 731 24
732 694 24
714 715 24
714 716 24
733 459 24
734 735 24
736 690 24
736 737 24
736 681 24
736 735 24
704 617 24
704 705 24
648 358 24
723 515 24
723 726 24
723 738 24
723 655 24
739 740 24
739 692 24
739 741 24
739 742 24
709 683 24
709 743 24
709 708 24
709 569 24
720 358 24
720 744 24
705 617 24
705 515 24
593 745 24
593 576 24
700 698 24
700 699 24
358 650 24
358 744 24
358 735 24
358 746 24
315 368 24
315 747 24
315 748 24
315 671 24
749 750 24
569 701 24
569 708 24
569 711 24
569 683 24
671 573 24
689 321 24
675 674 24
675 710 24
675 630 24
729 698 24
729 712 24
729 699 24
729 582 24
751 752 24
751 753 24
751 432 24
630 710 24
630 754 24
630 579 24
721 748 24
721 747 24
748 368 24
748 747 24
716 715 24
710 579 24
710 674 24
710 754 24
744 401 24
744 746 24
752 753 24
752 432 24
573 574 24
755 690 24
755 681 24
735 737 24
735 746 24
741 692 24
741 742 24
712 674 24
712 743 24
712 582 24
727 725 24
727 726 24
727 509 24
742 692 24
401 746 24
368 747 24
681 690 24
681 737 24
432 753 24
701 756 24
701 757 24
756 757 24
708 683 24
758 759 24
718 321 24
718 717 24
743 674 24
743 582 24
743 683 24
738 726 24
738 515 24
711 698 24
576 745 24
737 690 24
699 698 24
717 321 24
674 582 24
754 579 24
509 726 24
725 726 24
515 726 24
760 761 25
591 762 25
763 764 25
706 765 25
707 766 25
734 698 25
734 767 25
734 729 25
713 714 25
713 716 25
768 769 25
681 770 25
681 771 25
681 650 25
681 772 25
681 358 25
681 773 25
681 774 25
775 729 25
775 776 25
775 777 25
730 778 25
730 779 25
730 780 25
730 781 25
730 358 25
730 782 25
730 746 25
783 629 25
783 582 25
714 716 25
784 739 25
774 785 25
774 786 25
774 787 25
774 788 25
774 772 25
774 770 25
736 735 25
736 358 25
736 789 25
736 737 25
648 789 25
781 778 25
781 779 25
781 746 25
781 780 25
781 358 25
781 782 25
720 459 25
720 790 25
771 773 25
771 650 25
771 770 25
593 791 25
358 778 25
358 779 25
358 780 25
358 746 25
358 735 25
358 782 25
789 737 25
792 674 25
792 738 25
793 524 25
793 708 25
776 729 25
776 777 25
776 582 25
794 795 25
794 607 25
729 777 25
729 767 25
729 698 25
629 796 25
790 459 25
746 778 25
746 779 25
746 780 25
746 782 25
785 770 25
785 786 25
785 788 25
785 787 25
787 770 25
787 786 25
787 788 25
524 708 25
614 791 25
614 607 25
716 715 25
744 735 25
752 797 25
752 798 25
752 717 25
788 799 25
788 786 25
788 770 25
795 607 25
368 796 25
797 798 25
797 717 25
797 750 25
797 708 25
753 798 25
753 800 25
764 801 25
782 778 25
782 779 25
782 780 25
770 786 25
770 650 25
770 773 25
778 779 25
778 780 25
756 717 25
779 780 25
738 698 25
576 802 25
576 607 25
800 798 25
798 717 25
803 582 25
650 773 25
777 582 25
767 698 25
804 607 25
698 582 25
805 806 26
805 807 26
808 809 26
808 810 26
808 692 26
777 729 26
777 776 26
777 811 26
812 755 26
762 748 26
813 708 26
755 814 26
788 719 26
788 681 26
788 770 26
692 809 26
692 810 26
811 776 26
811 648 26
815 764 26
707 715 26
816 807 26
817 818 26
817 819 26
817 764 26
713 714 26
713 716 26
713 820 26
821 822 26
821 823 26
821 579 26
824 825 26
826 827 26
827 828 26
827 829 26
827 830 26
719 681 26
822 823 26
822 579 26
809 810 26
778 783 26
756 800 26
819 764 26
820 714 26
820 716 26
714 716 26
729 776 26
786 799 26
786 787 26
579 823 26
830 828 26
830 829 26
799 787 26
831 832 26
828 829 26
803 833 27
803 834 27
803 835 27
710 821 27
777 776 27
777 836 27
796 783 27
796 837 27
762 767 27
762 675 27
762 783 27
762 837 27
762 838 27
744 778 27
744 736 27
744 839 27
752 757 27
752 756 27
752 840 27
788 771 27
788 841 27
788 681 27
788 842 27
788 843 27
813 844 27
813 845 27
846 847 27
833 848 27
833 834 27
833 849 27
833 850 27
315 818 27
815 851 27
815 806 27
815 816 27
707 708 27
707 852 27
816 851 27
842 841 27
748 853 27
801 854 27
837 783 27
837 767 27
827 855 27
827 753 27
804 832 27
856 857 27
848 850 27
681 770 27
681 843 27
775 698 27
775 776 27
855 753 27
674 845 27
776 858 27
776 729 27
776 859 27
776 698 27
776 737 27
849 698 27
849 850 27
849 860 27
839 861 27
839 778 27
839 736 27
862 771 27
778 832 27
756 757 27
756 840 27
708 852 27
820 863 27
820 864 27
858 859 27
858 737 27
865 866 27
844 845 27
783 767 27
698 857 27
698 860 27
737 859 27
824 859 27
867 852 27
757 840 27
864 863 27
808 809 28
808 756 28
808 868 28
710 674 28
710 848 28
710 869 28
710 821 28
777 729 28
777 776 28
776 729 28
834 849 28
834 852 28
762 813 28
762 870 28
744 871 28
767 845 28
833 870 28
833 849 28
833 845 28
788 787 28
872 865 28
872 736 28
873 698 28
873 837 28
813 874 28
813 708 28
813 675 28
813 869 28
355 804 28
355 832 28
355 875 28
827 840 28
315 876 28
315 838 28
707 868 28
707 852 28
707 867 28
816 851 28
816 764 28
816 801 28
786 681 28
764 877 28
764 851 28
764 878 28
838 848 28
804 876 28
675 874 28
675 708 28
826 863 28
845 870 28
845 849 28
715 864 28
715 820 28
681 736 28
878 851 28
867 852 28
753 863 28
753 829 28
849 870 28
778 879 28
778 839 28
778 856 28
756 809 28
756 868 28
756 840 28
708 874 28
708 870 28
708 869 28
839 861 28
839 880 28
820 864 28
729 752 28
729 837 28
881 882 28
698 837 28
883 871 28
883 875 28
868 809 28
868 852 28
752 837 28
871 875 28
875 832 28
879 856 28
865 736 28
865 787 28
821 869 28
882 861 28
882 859 28
861 859 28
861 880 28
837 859 28
863 829 28
865 872 29
803 813 29
803 852 29
803 845 29
710 674 29
777 729 29
884 764 29
884 875 29
854 769 29
854 885 29
886 877 29
886 887 29
813 708 29
788 799 29
788 888 29
873 698 29
873 837 29
769 885 29
889 877 29
890 891 29
892 707 29
892 868 29
887 877 29
707 868 29
893 888 29
764 851 29
764 883 29
821 894 29
837 698 29
837 729 29
837 776 29
837 879 29
315 848 29
315 879 29
804 876 29
804 851 29
808 827 29
675 674 29
827 753 29
827 864 29
848 818 29
839 778 29
876 818 29
876 851 29
753 864 29
849 852 29
849 845 29
756 752 29
756 855 29
895 840 29
856 879 29
729 776 29
875 832 29
874 896 29
855 752 29
762 767 29
762 896 29
888 799 29
737 736 29
845 852 29
883 897 29
883 851 29
883 832 29
897 832 29
866 898 29
866 872 29
866 787 29
891 760 29
859 858 29
898 787 29
899 900 30
854 885 30
901 707 30
901 867 30
788 872 30
788 744 30
800 757 30
813 902 30
813 823 30
846 903 30
846 904 30
846 891 30
707 867 30
764 804 30
764 851 30
764 885 30
764 864 30
821 823 30
821 905 30
906 818 30
804 885 30
804 851 30
804 852 30
804 864 30
808 729 30
808 834 30
907 887 30
907 908 30
909 910 30
887 908 30
904 911 30
834 902 30
912 902 30
912 913 30
839 778 30
818 852 30
818 864 30
908 851 30
778 744 30
729 757 30
865 888 30
823 905 30
744 872 30
903 891 30
852 798 30
864 851 30
864 885 30
885 851 30
914 909 31
915 911 31
886 910 31
886 907 31
886 916 31
917 913 31
917 867 31
918 919 31
918 920 31
808 867 31
909 910 31
909 834 31
834 818 31
834 852 31
920 919 31
839 778 31
921 910 31
913 922 31
913 912 31
818 778 31
818 852 31
919 891 31
900 911 31
900 891 31
778 839 32
923 867 32
912 913 32
912 917 32
909 900 32
886 818 32
917 924 32
917 913 32
834 818 32
834 867 32
920 918 32
920 900 32
924 867 32
923 867 33
886 818 33
918 900 33
778 818 34
778 909 34
778 925 34
909 818 34
886 818 34
926 927 35
928 778 35
929 930 35
926 931 36
932 928 36
926 931 37
926 927 37
926 933 37
927 933 37
926 934 38
935 936 38
937 938 39
930 939 39
937 938 40
940 941 43
942 939 43
943 944 44
945 946 44
945 947 44
948 949 44
950 951 44
942 939 44
952 953 44
954 955 44
956 957 44
958 937 44
958 940 44
959 944 44
960 961 44
940 937 44
946 947 44
946 962 44
947 962 44
963 964 44
965 964 44
966 937 44
937 967 44
932 968 45
932 969 45
932 937 45
932 970 45
932 971 45
932 972 45
932 973 45
945 974 45
945 948 45
945 975 45
945 976 45
945 977 45
948 978 45
948 979 45
950 931 45
950 980 45
950 981 45
950 982 45
950 983 45
931 984 45
931 982 45
985 986 45
985 937 45
985 987 45
988 953 45
988 989 45
988 940 45
990 991 45
990 992 45
993 994 45
993 995 45
996 980 45
996 982 45
986 997 45
986 987 45
998 999 45
1000 999 45
1000 995 45
958 1001 45
958 1002 45
958 947 45
958 1003 45
958 1004 45
958 1005 45
979 949 45
979 1006 45
979 967 45
979 978 45
1005 947 45
1005 1004 45
974 976 45
982 981 45
982 980 45
1007 947 45
949 967 45
949 978 45
949 1006 45
975 1008 45
1009 983 45
1010 971 45
1010 977 45
1010 947 45
1003 1002 45
1003 966 45
1003 1004 45
1003 1001 45
999 995 45
1004 966 45
1004 947 45
973 937 45
1011 1012 45
968 972 45
968 970 45
968 937 45
968 969 45
1013 997 45
995 994 45
969 972 45
969 970 45
969 937 45
1006 978 45
981 980 45
1002 1001 45
997 987 45
972 970 45
972 937 45
983 980 45
937 970 45
978 967 45
948 999 46
948 1014 46
932 999 46
932 1015 46
932 969 46
943 1016 46
943 1017 46
943 1018 46
950 982 46
950 931 46
950 1019 46
950 1006 46
950 1020 46
950 1021 46
931 984 46
1022 1019 46
1022 1023 46
1022 982 46
1024 968 46
1024 1025 46
1024 973 46
1024 982 46
986 1026 46
986 987 46
986 1027 46
1028 977 46
998 1019 46
998 1006 46
998 1029 46
1000 1030 46
1000 999 46
1000 1031 46
1032 1033 46
1032 1034 46
1032 1035 46
1032 1036 46
1032 1025 46
1032 1037 46
1038 1039 46
1037 1033 46
1037 1034 46
1037 1035 46
1037 1036 46
1037 1025 46
1040 1039 46
1040 1041 46
1042 1043 46
1042 1044 46
1042 1045 46
1026 987 46
1026 1027 46
982 968 46
982 1006 46
982 1019 46
1046 1047 46
1046 963 46
1046 1048 46
1046 1021 46
1029 1019 46
1029 1006 46
1030 999 46
1030 1031 46
1049 999 46
1049 1023 46
1049 1031 46
1050 977 46
1050 1012 46
967 1051 46
1052 977 46
1052 963 46
1052 1012 46
1009 1033 46
1009 1034 46
1009 1025 46
1009 1039 46
1009 984 46
1009 1053 46
1054 984 46
1054 1019 46
1047 963 46
1047 1021 46
1047 1048 46
999 1031 46
999 1015 46
999 1055 46
999 1023 46
1055 966 46
1055 1031 46
1055 1015 46
1023 1019 46
1023 1031 46
1039 966 46
1039 1036 46
1039 1025 46
1016 1017 46
1016 1018 46
969 1015 46
1006 1019 46
1027 987 46
1017 1043 46
1017 1018 46
1025 1033 46
1025 1034 46
1025 1035 46
1025 1036 46
1056 973 46
1056 1057 46
1015 1031 46
984 1019 46
963 1048 46
963 1021 46
1057 1044 46
1021 1048 46
1034 1033 46
1034 1035 46
1034 1036 46
1034 1053 46
1033 1035 46
1033 1036 46
1033 1053 46
1035 1036 46
977 1012 46
1058 1059 47
1058 1060 47
1058 1061 47
1058 1062 47
1058 1063 47
931 1064 47
931 1034 47
931 1065 47
931 981 47
931 1009 47
931 1066 47
931 1067 47
931 959 47
1068 1069 47
1070 1064 47
1070 1039 47
1042 1057 47
1071 1072 47
1071 1073 47
1071 1039 47
1071 1074 47
1071 1075 47
1076 1057 47
1041 1077 47
1041 1057 47
1041 973 47
1073 1072 47
1073 1033 47
1073 1075 47
1073 1039 47
1078 1079 47
1078 1080 47
1016 1081 47
1082 1083 47
1082 1019 47
1082 1006 47
1082 1084 47
1082 1000 47
1082 1085 47
1082 1086 47
981 984 47
981 1006 47
981 1054 47
1087 1088 47
1057 973 47
1057 1077 47
994 1089 47
994 1090 47
994 1091 47
994 1092 47
1093 1094 47
1093 1033 47
1093 1095 47
1093 1077 47
1093 1074 47
1093 1096 47
1093 1097 47
1072 1033 47
1072 1039 47
1072 1075 47
1092 1091 47
1092 1089 47
1059 1060 47
1059 1061 47
1059 1063 47
1059 1039 47
1059 1062 47
948 1086 47
948 1019 47
948 1080 47
1098 1099 47
1098 1007 47
1098 1051 47
1089 1091 47
1089 1047 47
1089 963 47
1089 1090 47
1083 1019 47
1083 1006 47
1083 1084 47
1083 1000 47
1083 1086 47
1090 1091 47
1039 1064 47
1039 966 47
1039 1006 47
1039 1100 47
1039 982 47
1039 1074 47
1039 1025 47
1039 1101 47
1039 1075 47
1074 1033 47
1074 1077 47
1074 1100 47
1074 1075 47
1102 1050 47
1102 1103 47
1102 1104 47
1102 1105 47
982 1006 47
1050 1052 47
1050 1104 47
1050 1105 47
1100 1106 47
1100 1025 47
1100 1101 47
1100 1107 47
1069 1108 47
1054 984 47
1054 1006 47
1054 1109 47
1023 1110 47
1023 977 47
1023 1051 47
1111 1018 47
1025 1101 47
1025 966 47
984 1006 47
973 1077 47
983 1112 47
1034 1064 47
1034 1009 47
1034 959 47
1081 986 47
977 1110 47
977 1105 47
1084 1019 47
1084 1006 47
1084 1000 47
1084 1086 47
1113 1047 47
1114 1115 47
1114 1012 47
1114 1116 47
1062 1060 47
1062 1061 47
1062 1063 47
1097 1095 47
1097 1077 47
1077 1033 47
1077 1095 47
1103 1104 47
1000 1019 47
1000 1006 47
1000 1080 47
1000 1030 47
1000 1086 47
1000 1109 47
959 1064 47
959 1009 47
1026 986 47
1007 1099 47
1030 1086 47
1067 1009 47
1067 1065 47
1067 1066 47
1061 1060 47
1061 1063 47
1115 1116 47
1115 1012 47
963 1047 47
963 1117 47
1033 1075 47
1033 1112 47
1033 1096 47
1118 1006 47
1019 1006 47
1019 1086 47
1019 1051 47
1066 1009 47
1066 1065 47
1112 1096 47
1107 1106 47
1064 1009 47
1060 1063 47
1099 1051 47
1065 1009 47
1006 1080 47
1006 1086 47
1080 1079 47
1080 1086 47
1116 1012 47
1119 1051 47
1064 1033 48
948 984 48
948 981 48
1060 1051 48
1120 1042 48
1121 1122 48
1123 1068 48
1123 1124 48
1125 1126 48
1125 1018 48
1127 1033 48
1094 1033 48
977 1047 48
977 1128 48
977 1012 48
977 1103 48
1026 1096 48
1030 994 48
1129 1009 48
1009 1033 48
1009 1122 48
1047 1023 48
1047 1051 48
1130 994 48
1082 984 48
1082 1080 48
1042 1057 48
1042 1131 48
1061 1132 48
1061 1051 48
981 984 48
1124 1068 48
1133 1012 48
1133 1116 48
984 1134 48
973 1057 48
1116 1012 48
1023 1051 48
1128 1051 48
1103 1012 48
1070 1064 49
1070 1071 49
1070 1135 49
1136 1137 49
1136 1138 49
1136 1128 49
1138 1137 49
1138 1105 49
1068 1139 49
1068 1069 49
1068 1140 49
1141 1142 49
1141 1143 49
1141 1144 49
1141 1140 49
1058 1082 49
1145 1146 49
1042 1147 49
1042 1077 49
1042 1148 49
1042 1149 49
1042 1150 49
1042 1133 49
1042 1061 49
1071 1064 49
1047 1151 49
1047 1082 49
1047 1023 49
1047 1152 49
1153 1126 49
1077 1148 49
1082 1151 49
1082 1154 49
1082 1155 49
1156 1157 49
1116 1158 49
1116 1159 49
1116 1150 49
1116 1012 49
1116 1057 49
1116 1160 49
1144 1143 49
1144 1140 49
1157 1161 49
1057 1094 49
1057 1162 49
1057 1158 49
1057 1081 49
1057 1163 49
1057 1061 49
1057 1105 49
1127 1163 49
1127 1164 49
1092 1165 49
1135 1094 49
1135 1166 49
1135 1096 49
1094 1163 49
1094 1096 49
1094 1081 49
1147 1162 49
1147 1133 49
1147 973 49
1154 1155 49
1154 1167 49
1154 1151 49
1154 1168 49
1154 1169 49
1170 977 49
1152 1030 49
1069 1139 49
1069 1140 49
1171 1172 49
1171 1134 49
1171 1173 49
1168 1151 49
1168 1167 49
1168 1169 49
1160 1012 49
1160 1150 49
1160 1159 49
1163 1164 49
1163 1081 49
947 1117 49
947 1174 49
1133 1149 49
1133 1175 49
1133 1125 49
1133 1126 49
1018 1176 49
1018 1126 49
1018 1125 49
1018 1175 49
984 1177 49
984 1155 49
973 1162 49
1139 1140 49
1081 1112 49
977 1178 49
1128 1179 49
1128 1178 49
1134 1172 49
1134 1173 49
1180 1060 49
1175 1149 49
1175 1125 49
1175 1176 49
1175 1126 49
1169 1151 49
1169 1167 49
1064 1166 49
1181 1182 49
1181 1012 49
1150 1183 49
1150 1159 49
1150 1012 49
1125 1111 49
1125 1149 49
1125 1126 49
1030 1151 49
1030 1080 49
1149 1061 49
1149 1148 49
1149 1126 49
1061 1162 49
1061 1105 49
1061 1148 49
1142 1143 49
1159 1012 49
1178 1179 49
1182 1012 49
1105 1137 49
1105 1162 49
1167 1151 49
1183 1012 49
1151 1080 49
1140 1143 49
1173 1172 49
1184 973 50
1184 1185 50
1070 1064 50
1070 1071 50
1136 1186 50
1136 1058 50
1187 1188 50
1187 1189 50
1187 1165 50
1187 1190 50
1068 1047 50
1058 1186 50
1145 1094 50
1145 1191 50
1145 1192 50
1145 1147 50
1145 1193 50
1140 1069 50
1140 1143 50
1140 1144 50
1042 1158 50
1042 1194 50
1042 1061 50
1042 1153 50
1042 1133 50
1042 1012 50
1042 1149 50
1042 1175 50
1071 1064 50
1195 1194 50
1195 1196 50
1195 1148 50
1153 1132 50
1153 1133 50
1153 1175 50
1153 1149 50
1197 1151 50
1197 1198 50
1197 1199 50
1197 1200 50
1197 1201 50
1077 1147 50
1077 1194 50
1077 1061 50
1077 1202 50
1077 1150 50
1077 1057 50
1203 1164 50
1146 1185 50
981 1204 50
1190 1188 50
1190 1205 50
1190 1189 50
1190 1165 50
1190 1206 50
1190 1030 50
1144 1069 50
1144 1143 50
1157 1186 50
1157 1207 50
1157 1200 50
1157 1128 50
1157 1170 50
1057 1208 50
1057 1191 50
1057 1147 50
1198 1200 50
1198 1201 50
1198 1199 50
1198 1117 50
1198 1151 50
1209 1047 50
1135 1094 50
1135 1210 50
1135 1193 50
1135 1147 50
1135 1192 50
1094 1193 50
1094 1147 50
1094 1191 50
1094 1192 50
1147 1193 50
1147 1191 50
1147 1192 50
1154 1211 50
1212 1213 50
1170 1186 50
1170 1207 50
1188 1189 50
1188 1165 50
1214 984 50
1193 1191 50
1193 1192 50
1202 1194 50
1202 1061 50
1202 1150 50
1069 1143 50
1023 1215 50
1163 1112 50
1133 1149 50
1133 1175 50
984 1122 50
984 1204 50
973 1185 50
1122 1204 50
1081 1126 50
1081 1125 50
977 1105 50
1128 1200 50
1175 1149 50
1175 1176 50
1175 961 50
1137 1105 50
1165 1189 50
1165 1206 50
1165 1030 50
1181 1182 50
1181 1012 50
1103 1179 50
1103 1183 50
1103 1105 50
1150 1194 50
1150 1061 50
1150 1012 50
1125 1126 50
1186 1207 50
1030 1189 50
1030 1206 50
1201 1151 50
1201 1200 50
1201 1199 50
1158 1194 50
1158 1183 50
1061 1194 50
1148 1194 50
1148 1196 50
1191 1208 50
1191 1192 50
1196 1194 50
1182 1012 50
1216 1217 50
1117 1200 50
1117 1199 50
1176 961 50
1206 1080 50
1183 1179 50
1151 1200 50
1151 1199 50
1194 1096 50
1199 1200 50
1134 1173 50
1111 1126 50
1220 1184 51
1220 1212 51
1184 1212 51
1070 1064 51
1136 1186 51
1136 1219 51
1187 1206 51
1187 1190 51
1138 1137 51
1068 1069 51
1068 1170 51
1068 1174 51
1221 1222 51
1221 1223 51
1224 1163 51
1140 1143 51
1140 1144 51
1153 1194 51
1203 1164 51
1156 1225 51
1156 1209 51
1156 1226 51
1146 1208 51
1222 1223 51
1190 1188 51
1190 1206 51
1144 1143 51
1157 1186 51
1157 1207 51
1227 1154 51
1227 1228 51
1227 1229 51
1230 1231 51
1228 1154 51
1228 1229 51
1225 1232 51
1225 1209 51
1225 1226 51
1225 1233 51
1209 1226 51
1135 1191 51
1135 1210 51
1234 1047 51
1234 1084 51
1234 1023 51
1094 1191 51
1094 1192 51
1147 1077 51
1154 1080 51
1154 1235 51
1154 1229 51
1170 1174 51
1233 1232 51
1202 1196 51
1171 1172 51
1171 1134 51
1171 1173 51
1023 1047 51
1023 1084 51
1160 1012 51
1231 1181 51
1211 1236 51
1211 1237 51
1122 1129 51
1134 1172 51
1134 1173 51
1084 1047 51
1238 1185 51
1238 961 51
1175 1126 51
1175 1125 51
1236 1237 51
1125 1126 51
1186 1207 51
1186 1219 51
1201 1199 51
1201 1200 51
1201 1219 51
1149 1194 51
1149 1239 51
1240 1173 51
1240 1204 51
1240 1065 51
1061 1148 51
1191 1192 51
1200 1199 51
1200 1219 51
1241 1176 51
1241 1239 51
1182 1179 51
1239 1176 51
1204 1173 51
1204 1065 51
1235 1080 51
1217 1196 51
1206 1188 51
1065 1173 51
1194 1096 51
1199 1219 51
1173 1172 51
1185 961 51
1220 1184 52
1184 1082 52
1184 1156 52
1184 1211 52
1184 1232 52
1184 1225 52
1070 1064 52
1136 1186 52
1136 1200 52
1136 1128 52
1136 1242 52
1138 1137 52
1138 1179 52
1138 1183 52
1138 1012 52
1138 1103 52
1145 1096 52
1145 1148 52
1042 1160 52
1071 1243 52
1195 1217 52
1195 1202 52
1244 981 52
1082 1232 52
1082 1225 52
1082 1156 52
1156 1232 52
1156 1225 52
1146 1208 52
1146 1185 52
1190 1188 52
1190 1245 52
1190 1206 52
1144 1179 52
1144 1143 52
1144 1140 52
1144 1103 52
1157 1207 52
1227 1228 52
1227 1235 52
1227 1246 52
1222 1223 52
1247 1135 52
1228 1246 52
1198 1200 52
1198 1201 52
1225 1232 52
1135 1192 52
1135 1193 52
1135 1248 52
1125 1249 52
1125 1126 52
1188 1245 52
1188 1206 52
1188 1211 52
1161 1061 52
1214 1250 52
1214 1155 52
1193 1248 52
1193 1192 52
1202 1217 52
1171 1172 52
1171 1134 52
1171 1173 52
1023 1084 52
1160 1159 52
1160 1251 52
973 1077 52
1122 1129 52
1249 1126 52
1128 1200 52
1128 1186 52
1128 1242 52
1134 1172 52
1134 1173 52
1103 1137 52
1103 1179 52
1248 1192 52
1242 1200 52
1242 1186 52
1245 1206 52
1186 1200 52
1201 1200 52
1149 1176 52
1149 1241 52
1155 1250 52
1148 1096 52
1159 1251 52
1241 1176 52
1137 1179 52
1183 1012 52
1140 1143 52
1173 1172 52
1205 1188 53
1136 1128 53
1217 1196 53
1138 1251 53
1068 1143 53
1068 1144 53
1154 1252 53
1154 1229 53
1208 1244 53
1208 1129 53
1229 1080 53
1188 1082 53
1188 1190 53
1042 1096 53
1071 1243 53
1129 1253 53
1129 1244 53
1254 1255 53
1244 981 53
1023 1084 53
1082 1190 53
1179 1143 53
1256 1135 53
1144 1143 53
1157 1207 53
1247 1135 53
1235 1071 54
1235 1214 54
1217 1195 54
1147 1249 54
1147 1125 54
1138 1207 54
1138 1157 54
1138 1251 54
1068 1174 54
1254 1129 54
1254 1253 54
1208 1071 54
1208 1185 54
1208 1210 54
1212 1190 54
1229 1080 54
1245 1190 54
1257 1250 54
973 1146 54
1170 1258 54
1236 1252 54
1250 1195 54
1071 1185 54
1071 1214 54
1127 1112 54
1127 1259 54
1127 1255 54
1127 1135 54
1260 1244 54
1129 1253 54
1261 1202 54
1244 981 54
1244 1262 54
1263 1252 54
1264 1265 54
1174 1207 54
1266 1262 54
1023 1084 54
1146 1196 54
1188 1082 54
1259 1255 54
1190 1080 54
981 1262 54
1084 1200 54
1144 1143 54
1157 1207 54
1267 1096 54
1267 1268 54
1096 1269 54
1096 1268 54
1243 1172 54
1243 1246 54
1256 1249 54
1256 1247 54
1172 1246 54
1249 1247 54
1210 1185 54
1270 1246 54
1112 1135 54
1235 1071 55
1235 1270 55
1235 1155 55
1235 1195 55
1235 1263 55
1235 1246 55
1235 1243 55
1236 1271 55
1236 1190 55
1236 1272 55
1187 1201 55
1273 1270 55
1273 1263 55
1273 1246 55
1274 1129 55
1068 1258 55
1068 1196 55
1195 1155 55
1212 1190 55
1251 1275 55
1251 1179 55
1251 1276 55
1125 1277 55
1125 1247 55
1276 1275 55
1276 1179 55
1257 1263 55
1271 1190 55
1271 1272 55
1071 1243 55
1246 1243 55
1246 1263 55
1246 1270 55
1278 1229 55
1260 1249 55
1129 1254 55
1201 1200 55
1244 1279 55
1244 981 55
1244 1259 55
1244 1255 55
1244 1253 55
1174 1143 55
1174 1144 55
1279 1210 55
1279 1259 55
1279 1255 55
1280 1179 55
1280 1096 55
1280 1275 55
1023 1207 55
1023 1196 55
1023 1157 55
1252 1080 55
1252 1190 55
1179 1275 55
1179 1267 55
1179 1096 55
1179 1269 55
1258 1157 55
1259 1255 55
1144 1143 55
1157 1196 55
1267 1269 55
1096 1275 55
1243 1263 55
1243 1270 55
1277 1247 55
1281 1127 55
1281 1112 55
1281 1282 55
1281 1135 55
1270 1263 55
1127 1112 55
1127 1135 55
1112 1135 55
1282 1135 55
1188 1283 56
1188 1271 56
1188 1272 56
1284 1263 56
1284 1236 56
1277 1285 56
1281 1285 56
1253 1286 56
1270 1263 56
1201 1023 56
1283 1271 56
1283 1272 56
1263 1271 56
1263 1236 56
1157 1287 56
1157 1023 56
1271 1272 56
1288 1289 57
1288 1290 57
1291 1292 57
1236 1284 57
1236 1271 57
1293 1283 57
1293 1023 57
1293 1201 57
1293 1157 57
1294 1295 57
1294 1296 57
1271 1284 57
1297 1289 57
1297 1290 57
1298 1299 57
1277 1295 57
1277 1300 57
1277 1290 57
1285 1301 57
1285 1302 57
1303 1304 57
1292 1267 57
1201 1283 57
1305 1263 57
1302 1263 57
1244 1270 57
1023 1157 57
1272 1306 57
1307 1306 57
1307 1157 57
1308 1309 57
1310 1300 57
1157 1267 57
1157 1311 57
1290 1289 57
1296 1295 57
1312 1293 58
1312 1157 58
1312 1313 58
1288 1314 58
1236 1271 58
1236 1315 58
1316 1317 58
1316 1318 58
1316 1319 58
1316 1253 58
1316 1270 58
1316 1320 58
1316 1321 58
1316 1322 58
1321 1322 58
1321 1318 58
1321 1319 58
1321 1323 58
1324 1289 58
1324 1297 58
1325 1326 58
1325 1327 58
1294 1322 58
1322 1318 58
1322 1319 58
1297 1289 58
1297 1328 58
1297 1311 58
1329 1285 58
1284 1330 58
1284 1331 58
1332 1263 58
1332 1333 58
1277 1302 58
1277 1334 58
1285 1335 58
1285 1302 58
1254 1272 58
1302 1335 58
1313 1336 58
1313 1337 58
1338 1314 58
1023 1337 58
1293 1157 58
1318 1319 58
1253 1317 58
1253 1320 58
1320 1317 58
1310 1314 58
1314 1311 58
1296 1295 58
1331 1330 58
1339 1336 58
1327 1326 58
1263 1333 58
1341 1306 59
1341 1329 59
1341 1342 59
1343 1340 59
1343 1344 59
1316 1345 59
1346 1347 59
1346 1306 59
1346 1348 59
1346 1349 59
1297 1350 59
1297 1351 59
1297 1328 59
1297 1311 59
1297 1324 59
1352 1353 59
1352 1354 59
1355 1356 59
1355 1327 59
1323 1330 59
1323 1326 59
1323 1357 59
1358 1277 59
1358 1310 59
1359 1314 59
1360 1361 59
1360 1310 59
1360 1362 59
1360 1363 59
1364 1339 59
1364 1365 59
1364 1366 59
1364 1294 59
1364 1336 59
1364 1367 59
1368 1353 59
1368 1354 59
1369 1284 59
1306 1348 59
1370 1371 59
1326 1330 59
1326 1357 59
1288 1372 59
1288 1310 59
1353 1294 59
1353 1354 59
1324 1350 59
1294 1373 59
1294 1366 59
1294 1313 59
1347 1374 59
1347 1375 59
1347 1349 59
1376 1277 59
1319 1317 59
1319 1321 59
1292 1314 59
1336 1339 59
1023 1377 59
1023 1291 59
1327 1330 59
1327 1331 59
1307 1335 59
1307 1356 59
1307 1272 59
1310 1277 59
1310 1372 59
1310 1363 59
1373 1339 59
1373 1313 59
1351 1378 59
1351 1311 59
1379 1380 59
1379 1381 59
1367 1365 59
1367 1382 59
1374 1375 59
1236 1380 59
1236 1383 59
1325 1356 59
1384 1311 59
1372 1296 59
1372 1385 59
1284 1357 59
1386 1378 59
1386 1313 59
1361 1387 59
1361 1362 59
1385 1296 59
1313 1339 59
1335 1388 59
1335 1331 59
1335 1272 59
1335 1356 59
1272 1388 59
1272 1356 59
1317 1321 59
1380 1383 59
1380 1381 59
1357 1330 59
1330 1331 59
1342 1329 59
1321 1254 59
1389 1365 59
1333 1390 59
1391 1392 60
1391 1393 60
1394 1395 60
1394 1396 60
1397 1330 60
1397 1398 60
1397 1331 60
1397 1357 60
1346 1375 60
1346 1399 60
1297 1384 60
1297 1311 60
1400 1401 60
1400 1023 60
1402 1288 60
1402 1358 60
1403 1288 60
1404 1405 60
1404 1406 60
1404 1379 60
1355 1325 60
1355 1407 60
1355 1362 60
1355 1327 60
1395 1396 60
1393 1392 60
1364 1294 60
1396 1331 60
1369 1408 60
1409 1307 60
1409 1348 60
1409 1321 60
1306 1347 60
1306 1349 60
1306 1410 60
1370 1327 60
1398 1331 60
1398 1263 60
1398 1357 60
1398 1371 60
1398 1330 60
1289 1411 60
1289 1328 60
1289 1412 60
1324 1351 60
1324 1311 60
1294 1335 60
1347 1410 60
1347 1349 60
1413 1390 60
1413 1263 60
1413 1414 60
1331 1330 60
1331 1357 60
1292 1366 60
1410 1415 60
1410 1361 60
1410 1349 60
1336 1405 60
1023 1416 60
1023 1417 60
1307 1418 60
1307 1348 60
1419 1415 60
1419 1372 60
1419 1310 60
1310 1415 60
1310 1296 60
1310 1361 60
1310 1277 60
1420 1411 60
1420 1367 60
1317 1321 60
1351 1311 60
1351 1392 60
1351 1378 60
1263 1330 60
1263 1371 60
1421 1361 60
1416 1417 60
1367 1411 60
1418 1348 60
1418 1349 60
1422 1385 60
1422 1372 60
1422 1329 60
1422 1363 60
1384 1311 60
1372 1385 60
1348 1349 60
1412 1411 60
1414 1390 60
1361 1415 60
1366 1362 60
1385 1399 60
1313 1377 60
1313 1423 60
1272 1356 60
1378 1392 60
1377 1417 60
1357 1330 60
1330 1371 60
1329 1363 60
1321 1356 60
1375 1399 60
1362 1407 60
1277 1296 60
1391 1424 61
1316 1425 61
1316 1426 61
1316 1427 61
1346 1347 61
1346 1399 61
1346 1342 61
1297 1405 61
1297 1324 61
1297 1428 61
1297 1311 61
1400 1291 61
1400 1429 61
1404 1406 61
1404 1430 61
1404 1396 61
1404 1431 61
1369 1291 61
1369 1432 61
1369 1331 61
1433 1313 61
1355 1347 61
1355 1321 61
1358 1361 61
1358 1434 61
1425 1426 61
1425 1427 61
1426 1427 61
1435 1330 61
1435 1408 61
1435 1371 61
1409 1325 61
1409 1356 61
1436 1372 61
1306 1347 61
1408 1432 61
1408 1331 61
1408 1414 61
1289 1372 61
1289 1367 61
1437 1415 61
1437 1363 61
1437 1419 61
1437 1310 61
1324 1405 61
1324 1428 61
1324 1311 61
1361 1438 61
1361 1421 61
1413 1390 61
1406 1430 61
1331 1414 61
1331 1432 61
1292 1366 61
1439 1313 61
1410 1440 61
1410 1363 61
1336 1405 61
1023 1373 61
1023 1429 61
1023 1417 61
1023 1313 61
1327 1330 61
1327 1371 61
1327 1441 61
1307 1348 61
1307 1321 61
1307 1441 61
1419 1415 61
1419 1310 61
1310 1277 61
1310 1415 61
1310 1385 61
1310 1432 61
1310 1363 61
1440 1363 61
1438 1421 61
1438 1362 61
1373 1417 61
1373 1313 61
1442 1291 61
1421 1356 61
1367 1405 61
1367 1372 61
1405 1428 61
1405 1311 61
1418 1348 61
1418 1349 61
1418 1321 61
1422 1385 61
1422 1329 61
1422 1443 61
1444 1381 61
1444 1430 61
1348 1321 61
1347 1399 61
1347 1342 61
1414 1432 61
1415 1363 61
1291 1432 61
1428 1311 61
1385 1432 61
1385 1329 61
1430 1381 61
1313 1417 61
1335 1362 61
1335 1441 61
1351 1392 61
1330 1371 61
1417 1429 61
1342 1399 61
1321 1349 61
1277 1363 61
1445 1446 62
1445 1439 62
1437 1440 62
1437 1415 62
1447 1448 62
1447 1310 62
1371 1330 62
1349 1348 62
1349 1321 62
1316 1323 62
1316 1449 62
1450 1317 62
1450 1323 62
1450 1426 62
1451 1452 62
1451 1453 62
1321 1307 62
1321 1306 62
1321 1348 62
1324 1454 62
1324 1351 62
1324 1328 62
1324 1311 62
1324 1411 62
1455 1373 62
1455 1456 62
1455 1433 62
1455 1457 62
1310 1419 62
1310 1448 62
1310 1363 62
1429 1417 62
1429 1313 62
1361 1438 62
1361 1292 62
1361 1458 62
1439 1446 62
1402 1358 62
1414 1453 62
1331 1369 62
1331 1333 62
1385 1399 62
1348 1307 62
1348 1426 62
1415 1440 62
1415 1434 62
1292 1438 62
1292 1366 62
1404 1433 62
1404 1424 62
1404 1459 62
1404 1431 62
1366 1438 62
1454 1328 62
1328 1411 62
1328 1460 62
1459 1424 62
1459 1433 62
1459 1431 62
1461 1369 62
1461 1396 62
1433 1424 62
1433 1457 62
1433 1431 62
1355 1330 62
1355 1409 62
1355 1356 62
1462 1436 62
1323 1317 62
1333 1369 62
1363 1421 62
1363 1419 62
1411 1460 62
1307 1306 62
1307 1426 62
1463 1424 62
1458 1421 62
1409 1330 62
1369 1396 62
1431 1373 62
1431 1424 62
1431 1401 62
1431 1417 62
1449 1464 62
1373 1401 62
1373 1456 62
1373 1417 62
1436 1434 62
1023 1456 62
1401 1417 62
1351 1446 62
1351 1311 62
1351 1392 62
1392 1446 62
1452 1453 62
1434 1448 62
1445 1433 63
1418 1465 63
1418 1348 63
1418 1321 63
1418 1325 63
1329 1422 63
1329 1363 63
1422 1363 63
1316 1330 63
1316 1371 63
1450 1317 63
1450 1320 63
1450 1466 63
1394 1467 63
1321 1325 63
1321 1348 63
1321 1356 63
1325 1468 63
1325 1348 63
1325 1356 63
1401 1335 63
1401 1373 63
1401 1417 63
1421 1440 63
1421 1415 63
1421 1469 63
1402 1448 63
1402 1358 63
1470 1392 63
1406 1023 63
1414 1453 63
1414 1331 63
1414 1333 63
1414 1466 63
1331 1453 63
1331 1333 63
1331 1466 63
1471 1317 63
1471 1464 63
1471 1320 63
1415 1440 63
1415 1358 63
1404 1472 63
1404 1023 63
1473 1369 63
1328 1358 63
1474 1475 63
1461 1369 63
1461 1371 63
1461 1408 63
1472 1023 63
1464 1320 63
1358 1440 63
1358 1448 63
1465 1363 63
1320 1317 63
1356 1363 63
1356 1440 63
1453 1466 63
1456 1373 63
1371 1330 63
1371 1408 63
1373 1417 63
1440 1363 63
1469 1468 63
1329 1465 64
1329 1363 64
1394 1476 64
1349 1477 64
1349 1356 64
1328 1478 64
1328 1448 64
1433 1421 64
1433 1455 64
1335 1456 64
1335 1408 64
1455 1392 64
1455 1456 64
1363 1465 64
1320 1479 64
1320 1480 64
1356 1468 64
1456 1421 64
1396 1369 64
1396 1408 64
1479 1480 64
1333 1448 64
1421 1417 64
