20 23 0
20 7 0
20 0 0
20 0 0
48 93 1
20 115 2
116 112 3
23 0 3
23 77 3
8 0 3
20 6 3
20 8 4
23 8 4
23 8 4
8 21 5
75 86 5
75 12 5
23 76 5
23 8 5
23 8 5
8 21 5
8 0 5
20 6 5
0 76 5
20 6 5
8 21 5
23 0 5
6 8 5
8 21 5
8 21 5
6 8 5
6 8 5
4 39 6
8 20 6
8 84 7
20 40 7
31 37 7
31 32 7
23 19 7
23 0 7
23 20 8
19 33 9
8 76 9
23 8 9
23 76 9
23 22 9
23 22 9
23 22 9
19 80 9
23 22 9
22 37 9
23 22 9
75 34 9
76 40 9
76 40 9
76 40 9
23 0 9
23 5 10
20 75 10
20 75 10
5 40 10
23 20 10
20 75 10
23 20 10
5 76 10
20 6 10
41 37 10
23 76 10
23 75 10
8 6 10
5 25 10
20 75 10
20 75 10
75 31 10
20 6 10
8 6 10
23 40 10
23 5 10
6 20 10
75 76 10
20 75 10
31 76 10
76 35 10
75 0 10
31 27 10
6 75 10
6 75 10
8 6 10
75 76 10
23 75 11
11 19 12
23 76 12
11 22 12
19 22 12
6 0 12
8 11 12
23 11 12
23 95 12
11 22 12
0 41 13
5 41 13
5 31 13
5 22 13
87 75 13
23 22 13
5 22 13
75 40 13
15 40 13
13 40 13
22 87 13
23 87 13
23 22 13
23 6 13
4 74 13
13 40 13
23 6 14
23 45 14
23 69 14
45 47 14
19 28 14
23 5 14
10 76 14
5 11 14
23 11 14
5 4 14
6 45 14
19 88 14
83 72 14
11 22 14
0 79 14
5 42 14
23 5 14
5 22 14
76 41 14
87 40 14
5 11 14
31 41 14
23 45 14
13 22 14
31 40 14
13 11 14
5 13 15
5 90 15
90 76 15
90 11 15
5 11 15
87 119 16
5 90 16
87 76 16
5 76 16
13 87 16
13 24 16
23 22 16
23 22 16
23 5 16
5 22 16
5 22 16
5 114 16
23 10 17
28 42 17
19 80 17
27 69 17
5 19 17
5 90 17
5 80 17
76 85 17
5 19 17
5 80 17
8 87 17
8 11 17
5 80 17
23 5 17
23 22 17
22 76 17
6 22 17
5 89 17
23 5 17
23 89 17
23 76 17
5 89 17
76 80 17
19 89 17
13 28 17
76 37 17
85 118 17
13 85 17
19 85 17
19 13 17
31 91 17
31 91 17
19 91 17
11 87 17
36 42 17
13 85 17
19 42 17
13 91 17
8 13 17
8 19 17
85 28 17
28 42 17
28 31 17
31 85 17
85 36 17
31 42 17
19 13 17
13 42 17
23 76 18
23 6 18
5 22 18
5 90 18
22 87 18
6 87 18
6 90 18
23 90 18
6 0 18
5 117 18
89 117 18
87 76 18
8 11 18
68 42 18
8 11 18
89 37 18
89 117 18
68 37 18
19 89 18
19 117 18
28 31 18
89 117 18
19 117 18
42 37 18
28 38 18
8 35 18
96 90 19
90 76 19
39 83 19
6 26 19
45 41 19
28 37 20
19 31 20
8 13 20
19 31 20
5 19 20
5 22 20
5 13 20
19 22 20
0 74 20
13 22 20
6 90 20
6 74 20
5 74 20
5 22 20
23 6 20
28 41 20
74 41 20
76 74 20
69 41 21
11 89 21
5 89 21
5 41 21
5 69 21
8 82 21
8 19 21
69 69 21
89 69 21
92 69 21
82 41 21
8 69 21
8 19 21
8 69 21
19 38 21
82 69 21
89 42 21
23 90 22
76 82 22
5 76 22
31 89 22
82 31 22
28 37 22
76 82 22
31 35 22
23 11 22
76 89 22
6 41 22
89 37 22
8 19 22
35 45 22
89 28 22
5 82 22
5 69 22
5 120 22
5 76 22
23 5 22
23 11 22
5 69 22
22 0 22
0 90 22
8 19 22
22 0 22
5 11 22
23 90 22
0 90 22
23 0 22
11 76 22
23 0 22
13 82 22
19 45 22
5 76 22
0 90 22
22 41 22
23 0 22
90 69 22
11 69 22
5 11 22
52 54 23
65 58 23
9 58 23
57 58 23
52 60 23
56 54 23
50 61 23
52 55 23
52 54 23
52 60 23
57 58 23
57 59 23
9 72 23
9 52 23
9 51 23
9 53 23
52 51 23
52 53 23
9 55 23
9 52 23
9 50 23
9 52 23
52 55 23
23 22 24
76 37 24
0 41 24
23 22 24
43 46 24
6 0 24
23 76 24
23 76 24
0 37 24
6 0 24
46 28 24
23 76 24
23 41 24
89 82 24
8 29 24
8 46 24
90 28 24
8 90 24
8 85 24
85 28 24
23 11 24
76 37 24
11 76 24
6 37 24
23 11 24
22 76 24
6 41 24
23 76 24
19 45 24
8 28 24
43 28 24
5 82 24
23 5 24
23 11 24
85 82 24
5 11 24
90 85 24
41 37 24
8 90 24
22 76 24
5 11 24
5 82 24
23 76 24
11 82 24
5 82 24
23 11 24
23 11 24
76 42 25
82 42 25
90 82 25
82 42 25
5 82 25
5 42 25
90 76 25
71 41 25
85 66 25
28 66 25
13 85 25
8 28 25
19 45 25
11 0 25
11 71 25
23 22 25
13 94 25
108 20 26
20 75 26
108 75 26
108 20 26
108 14 26
20 78 26
51 98 26
100 98 26
34 100 26
75 67 26
110 109 27
5 90 27
44 46 27
46 66 27
10 14 27
90 82 27
14 80 27
103 40 27
108 20 27
101 108 27
108 104 27
109 3 28
30 63 28
30 62 28
107 105 29
113 111 29
30 111 29
102 20 29
102 108 29
102 75 29
23 76 30
23 76 30
23 17 30
23 0 30
22 90 30
90 82 30
82 76 30
22 82 30
5 22 30
23 76 30
5 70 30
41 18 30
5 76 30
5 22 30
23 0 30
23 22 30
23 76 30
22 76 30
81 94 30
23 26 30
0 94 30
11 0 30
63 107 31
30 63 31
63 31 31
30 3 31
87 2 31
73 40 31
87 99 31
87 2 31
30 1 31
101 103 32
75 103 32
102 75 32
49 56 32
63 107 32
107 106 32
74 106 32
108 75 32
16 97 32
108 16 32
102 101 32
16 75 32
103 54 32
102 108 32
16 14 32
108 75 32
102 103 32
102 108 32
16 102 32
75 64 32
101 16 32
