10 5 20
10 0 20
10 5 20
10 5 20
10 5 20
10 5 20
10 5 20
10 5 20
10 5 20
10 5 20
10 5 20
10 5 20
10 13 20
10 13 20
10 13 20
10 13 20
10 0 20
10 5 20
10 12 20
10 13 20
5 13 21
5 7 21
5 7 21
5 7 21
5 7 21
5 20 21
5 20 21
5 20 21
5 0 21
5 20 21
5 0 21
5 7 21
5 20 21
5 20 21
5 7 21
5 7 21
5 7 21
5 7 21
5 20 21
5 20 21
5 20 21
5 7 21
0 11 22
0 6 22
0 6 22
0 6 22
0 6 22
0 11 22
0 11 22
0 11 22
0 11 22
0 6 22
0 11 22
0 11 22
0 11 22
0 11 22
0 11 22
0 11 22
0 5 22
0 11 22
11 5 23
11 5 23
11 5 23
11 8 23
11 8 23
11 8 23
11 5 23
11 0 23
11 0 23
11 0 23
11 0 23
11 13 23
11 5 23
11 13 23
13 10 24
13 10 24
13 10 24
13 10 24
13 10 24
13 10 24
13 11 24
13 11 24
13 12 24
13 11 24
13 11 24
13 11 24
13 0 24
13 0 24
13 0 24
13 5 24
13 11 24
13 11 24
13 10 24
13 11 24
13 10 24
13 11 24
13 0 24
13 0 24
13 21 24
13 12 24
13 12 24
13 12 24
13 0 24
13 12 24
13 12 24
13 0 24
13 0 24
13 0 24
13 11 24
13 11 24
13 0 24
13 10 24
13 0 24
13 0 24
10 11 25
10 12 25
10 13 25
10 5 25
10 22 25
10 11 25
10 5 25
10 0 25
10 0 25
10 0 25
10 12 25
10 12 25
10 12 25
10 22 25
0 11 26
0 11 26
0 11 26
0 11 26
0 11 26
0 11 26
0 5 26
0 5 26
0 11 26
0 5 26
0 11 26
0 11 26
0 11 26
0 11 26
0 15 26
0 5 26
0 5 26
0 11 26
0 11 26
0 11 26
0 5 26
0 5 26
5 13 27
5 11 27
5 15 27
5 12 27
5 10 27
5 13 27
5 13 27
5 13 27
5 11 27
5 7 27
5 7 27
5 15 27
5 15 27
5 7 27
5 7 27
5 7 27
5 7 27
5 7 27
5 7 27
5 13 27
5 7 27
13 11 28
13 5 28
13 10 28
13 10 28
13 10 28
13 10 28
13 12 28
13 0 28
13 10 28
13 10 28
13 11 28
13 12 28
13 12 28
13 12 28
13 10 28
13 11 28
13 10 28
13 12 28
13 11 28
13 12 28
13 12 28
13 12 28
13 12 28
13 12 28
13 12 28
13 12 28
13 12 28
13 12 28
13 12 28
13 11 28
13 0 28
13 10 28
13 10 28
13 12 28
11 10 29
11 0 29
11 0 29
11 10 29
11 0 29
11 0 29
11 8 29
11 10 29
11 15 29
11 10 29
11 0 29
11 13 30
11 0 30
11 0 30
11 0 30
11 0 30
11 5 30
11 15 30
11 5 30
11 10 30
11 0 30
11 0 30
11 0 30
11 8 30
5 7 31
5 12 31
5 7 31
5 12 31
5 20 31
5 20 31
5 7 31
5 7 31
5 12 31
5 15 31
5 7 31
5 7 31
5 7 31
5 7 31
5 13 31
5 13 31
5 0 31
5 15 31
10 12 32
10 5 32
10 5 32
10 11 32
10 12 32
10 11 32
10 5 32
10 13 32
10 11 32
13 0 33
13 12 33
13 12 33
13 12 33
13 12 33
13 0 33
13 0 33
13 0 33
13 0 33
13 0 33
13 0 33
13 0 33
13 12 33
13 11 33
13 0 33
13 11 33
13 11 33
13 12 33
13 12 33
13 12 33
13 10 33
13 10 33
13 0 33
13 0 33
13 12 33
0 11 34
0 11 34
0 11 34
0 11 34
0 11 34
0 11 34
0 5 34
0 7 34
0 13 34
0 13 34
0 5 34
0 11 34
0 11 34
0 11 34
0 13 34
0 11 34
0 11 34
0 11 34
0 11 34
0 11 34
0 11 34
0 23 34
0 5 34
0 13 34
0 13 34
0 13 34
0 11 34
0 11 34
0 13 34
