1 2 1
1 3 1
4 5 1
4 6 1
3 2 1
5 7 1
5 6 1
6 8 1
9 10 1
11 12 2
12 13 2
14 15 2
14 16 2
17 18 2
19 20 2
21 10 2
22 23 2
24 25 2
24 26 2
5 27 2
5 28 2
29 18 2
30 31 2
15 16 2
32 33 2
32 34 2
25 35 2
18 28 2
28 27 2
26 35 2
36 37 3
36 33 3
37 33 3
1 15 3
20 38 3
39 40 3
41 42 3
43 34 3
43 23 3
14 15 3
14 5 3
18 28 3
44 40 3
5 28 3
5 45 3
29 34 3
46 15 3
46 47 3
48 49 3
48 50 3
48 51 3
42 23 3
52 47 3
23 34 3
50 49 3
50 51 3
28 45 3
28 35 3
34 53 3
49 51 3
54 47 4
44 55 4
44 56 4
44 57 4
44 58 4
1 59 4
1 16 4
60 61 4
59 62 4
59 16 4
63 43 4
63 64 4
63 65 4
63 66 4
39 5 4
39 45 4
67 68 4
67 69 4
67 70 4
71 15 4
64 43 4
64 72 4
64 66 4
64 34 4
41 73 4
41 74 4
41 42 4
41 34 4
68 69 4
68 70 4
43 72 4
43 34 4
43 66 4
43 23 4
57 55 4
75 76 4
75 77 4
75 78 4
75 79 4
75 80 4
37 33 4
40 49 4
40 81 4
46 10 4
46 35 4
46 52 4
48 45 4
70 69 4
82 33 4
15 81 4
76 79 4
76 77 4
76 80 4
72 34 4
72 66 4
74 73 4
74 34 4
10 56 4
10 58 4
10 35 4
56 58 4
83 49 4
66 34 4
73 34 4
77 79 4
77 80 4
65 84 4
79 80 4
44 85 5
44 3 5
44 58 5
44 79 5
44 56 5
86 85 5
86 47 5
86 87 5
86 88 5
60 68 5
60 89 5
60 90 5
60 91 5
59 67 5
59 92 5
59 89 5
59 16 5
63 93 5
63 74 5
63 45 5
88 85 5
88 3 5
88 87 5
88 61 5
67 69 5
67 89 5
67 70 5
67 94 5
67 92 5
67 16 5
67 95 5
96 43 5
96 42 5
96 41 5
85 56 5
85 79 5
85 87 5
61 3 5
94 95 5
68 89 5
68 90 5
43 33 5
43 41 5
3 47 5
82 97 5
82 98 5
82 33 5
75 99 5
75 76 5
75 100 5
75 79 5
71 10 5
98 33 5
101 40 5
101 45 5
97 33 5
70 92 5
70 16 5
70 69 5
102 33 5
102 83 5
99 100 5
93 74 5
42 91 5
16 92 5
16 89 5
83 33 5
76 100 5
76 79 5
33 103 5
69 90 5
65 91 5
58 56 5
81 45 5
81 104 5
92 89 5
74 45 5
56 79 5
45 39 5
39 40 5
89 90 5
90 91 5
86 105 6
86 56 6
86 58 6
60 69 6
60 95 6
60 90 6
60 94 6
41 43 6
63 91 6
39 40 6
39 90 6
39 71 6
106 105 6
106 56 6
106 75 6
96 42 6
61 10 6
61 47 6
61 71 6
94 95 6
82 107 6
75 108 6
75 56 6
71 10 6
71 109 6
71 90 6
98 110 6
98 111 6
110 33 6
110 83 6
29 112 6
29 33 6
29 113 6
99 100 6
105 58 6
47 10 6
62 90 6
114 112 6
114 109 6
114 45 6
109 45 6
95 90 6
69 90 6
45 91 6
113 112 6
36 115 7
36 100 7
94 90 7
63 116 7
63 110 7
63 117 7
63 91 7
39 110 7
39 118 7
39 117 7
39 71 7
119 120 7
61 47 7
61 118 7
116 42 7
116 121 7
116 91 7
82 122 7
82 107 7
82 123 7
75 124 7
75 125 7
110 115 7
110 117 7
123 122 7
29 83 7
70 69 7
70 90 7
118 47 7
99 125 7
42 121 7
126 56 7
127 90 7
115 100 7
69 90 7
36 107 8
63 91 8
119 120 8
119 128 8
61 56 8
61 70 8
129 47 8
129 71 8
120 124 8
120 128 8
123 100 8
29 83 8
29 130 8
70 90 8
118 56 8
118 128 8
82 100 8
47 71 8
83 130 8
131 132 8
133 130 8
134 110 9
135 119 9
135 136 9
119 136 9
129 137 9
129 138 9
110 122 9
110 56 9
110 90 9
110 29 9
123 122 9
123 139 9
123 100 9
140 69 9
140 141 9
70 69 9
70 47 9
99 124 9
99 139 9
99 100 9
142 143 9
144 47 9
144 136 9
122 130 9
122 29 9
47 69 9
137 69 9
137 138 9
65 145 9
65 146 9
143 147 9
56 90 9
148 149 10
148 142 10
148 29 10
148 150 10
135 119 10
135 90 10
135 136 10
135 56 10
151 152 10
151 136 10
119 47 10
119 136 10
153 100 10
153 123 10
154 155 10
154 124 10
123 149 10
140 156 10
140 70 10
70 90 10
142 149 10
142 150 10
137 69 10
56 90 10
157 146 10
157 156 10
157 138 10
146 138 10
29 149 10
136 152 10
150 158 10
159 143 11
160 152 11
160 161 11
160 124 11
160 151 11
162 163 11
164 165 11
161 152 11
166 152 11
167 152 11
167 168 11
167 47 11
167 151 11
47 168 11
124 151 11
124 136 11
169 170 11
169 171 11
169 140 11
156 140 11
140 171 11
152 151 11
172 173 12
172 174 12
175 41 12
176 174 12
177 178 12
163 173 12
179 180 13
181 182 13
181 183 13
181 166 13
184 185 13
184 180 13
184 186 13
184 41 13
163 187 13
163 188 13
177 182 13
177 189 13
185 180 13
185 41 13
183 182 13
183 166 13
190 41 13
191 187 14
191 188 14
179 192 14
179 186 14
193 180 14
183 177 14
194 182 14
194 177 14
194 195 14
188 187 14
188 163 14
196 197 14
180 186 14
198 186 14
198 199 14
200 201 14
200 202 14
200 197 14
203 204 14
205 190 14
202 201 14
206 182 14
206 177 14
199 186 14
163 189 14
207 190 14
177 182 14
177 208 14
208 182 14
209 198 15
210 203 15
193 198 15
193 211 15
192 212 15
213 182 15
213 214 15
183 177 15
183 215 15
183 208 15
216 217 15
216 218 15
201 200 15
219 198 15
219 220 15
218 221 15
218 217 15
218 207 15
222 223 15
217 184 15
215 177 15
215 206 15
215 208 15
224 225 15
224 189 15
226 220 15
198 211 15
198 220 15
198 227 15
202 200 15
203 184 15
205 228 15
227 212 15
227 186 15
227 199 15
229 207 15
229 223 15
221 207 15
200 230 15
195 230 15
195 231 15
195 177 15
206 187 15
206 232 15
233 187 15
233 234 15
182 214 15
235 190 15
235 236 15
235 189 15
236 231 15
186 199 15
225 189 15
230 177 15
230 190 15
230 231 15
211 187 15
177 208 15
189 196 15
190 231 15
237 238 16
237 232 16
238 214 16
239 196 16
239 236 16
216 207 16
212 186 16
212 199 16
219 223 16
217 233 16
240 199 16
241 195 16
241 242 16
243 223 16
244 223 16
244 227 16
244 211 16
221 245 16
246 213 16
195 247 16
195 231 16
195 242 16
195 232 16
233 187 16
247 231 16
247 232 16
186 234 16
186 199 16
248 196 16
223 227 16
207 245 16
232 231 16
189 196 16
187 234 16
249 250 17
249 206 17
238 251 17
238 252 17
238 232 17
238 214 17
253 254 17
255 226 17
255 244 17
239 196 17
239 256 17
239 189 17
257 207 17
257 245 17
222 233 17
217 258 17
256 196 17
226 223 17
226 244 17
259 252 17
259 250 17
259 206 17
251 252 17
251 206 17
251 214 17
205 207 17
205 245 17
260 247 17
260 231 17
261 242 17
252 250 17
252 206 17
252 236 17
252 214 17
254 262 17
206 250 17
247 231 17
248 189 17
207 245 17
189 196 17
263 264 17
264 214 17
210 255 18
210 244 18
237 247 18
237 231 18
237 265 18
237 206 18
237 250 18
221 205 18
221 228 18
221 257 18
266 217 18
266 245 18
266 257 18
267 268 18
267 269 18
267 270 18
253 271 18
253 272 18
253 262 18
271 254 18
271 186 18
271 262 18
239 273 18
250 265 18
250 252 18
250 206 18
274 275 18
274 238 18
274 214 18
274 264 18
222 273 18
217 245 18
217 257 18
226 276 18
226 255 18
268 269 18
268 270 18
258 207 18
272 225 18
272 186 18
238 275 18
238 214 18
244 255 18
273 265 18
273 254 18
260 231 18
260 232 18
255 276 18
252 265 18
252 236 18
252 206 18
254 265 18
254 223 18
264 275 18
206 265 18
206 236 18
236 265 18
248 277 18
205 228 18
207 245 18
207 257 18
275 214 18
223 278 18
232 231 18
245 257 18
189 196 18
210 255 19
253 262 19
279 280 19
279 281 19
282 207 19
282 245 19
281 280 19
281 245 19
222 273 19
256 268 19
238 214 19
283 230 19
247 231 19
284 223 19
248 277 19
280 245 19
189 269 19
285 266 20
285 286 20
210 287 20
288 238 20
288 269 20
288 214 20
253 213 20
289 247 20
289 231 20
290 248 20
282 291 20
282 245 20
282 273 20
292 236 20
292 287 20
265 231 20
265 242 20
265 270 20
286 273 20
238 275 20
238 213 20
238 214 20
293 214 20
293 274 20
273 236 20
242 230 20
242 283 20
242 231 20
283 230 20
283 231 20
247 231 20
247 264 20
291 280 20
291 207 20
291 245 20
236 264 20
236 287 20
256 269 20
230 231 20
207 280 20
207 245 20
275 214 20
274 214 20
294 265 21
294 256 21
210 292 21
210 287 21
288 295 21
296 297 21
296 236 21
296 214 21
266 298 21
289 231 21
290 299 21
290 269 21
292 287 21
300 301 21
245 302 21
245 207 21
282 207 21
282 303 21
282 287 21
297 265 21
297 256 21
297 236 21
273 304 21
273 305 21
273 286 21
265 256 21
265 236 21
265 270 21
306 238 21
306 214 21
256 307 21
256 236 21
238 214 21
293 231 21
293 242 21
293 213 21
293 214 21
293 274 21
274 213 21
274 214 21
242 230 21
242 231 21
242 213 21
242 283 21
283 230 21
283 231 21
286 308 21
302 207 21
236 214 21
299 269 21
230 231 21
207 280 21
309 295 21
213 214 21
310 311 22
310 312 22
310 313 22
210 314 22
210 245 22
315 316 22
315 317 22
315 288 22
315 318 22
315 319 22
288 316 22
288 311 22
288 319 22
288 213 22
288 294 22
288 318 22
288 317 22
288 295 22
296 320 22
296 321 22
322 286 22
322 323 22
322 324 22
325 326 22
327 328 22
327 245 22
327 329 22
330 320 22
330 321 22
331 324 22
332 333 22
332 236 22
332 282 22
290 230 22
290 334 22
317 316 22
317 319 22
317 213 22
317 318 22
317 295 22
304 335 22
336 333 22
336 337 22
336 338 22
336 339 22
336 236 22
340 341 22
340 339 22
282 273 22
282 294 22
282 236 22
292 342 22
292 339 22
292 343 22
292 344 22
292 345 22
292 346 22
292 314 22
347 348 22
349 350 22
349 351 22
337 333 22
337 338 22
337 236 22
314 342 22
314 343 22
314 344 22
314 345 22
314 346 22
265 230 22
265 260 22
265 350 22
265 256 22
265 283 22
265 300 22
265 352 22
265 269 22
346 342 22
346 343 22
346 344 22
346 345 22
285 328 22
285 286 22
285 353 22
285 354 22
329 328 22
329 245 22
350 352 22
350 269 22
256 230 22
256 260 22
256 283 22
256 334 22
256 352 22
319 316 22
319 318 22
343 342 22
343 344 22
343 345 22
355 311 22
355 295 22
355 356 22
334 230 22
334 352 22
334 283 22
318 316 22
266 286 22
266 357 22
345 342 22
345 344 22
356 213 22
356 326 22
356 358 22
356 214 22
352 260 22
352 283 22
352 230 22
335 294 22
335 273 22
293 242 22
293 213 22
273 294 22
260 230 22
260 283 22
326 358 22
326 213 22
326 262 22
326 214 22
213 295 22
324 286 22
324 323 22
283 230 22
313 312 22
313 311 22
353 286 22
353 354 22
353 328 22
344 342 22
357 286 22
236 339 22
236 333 22
236 338 22
308 286 22
359 300 22
341 360 22
341 361 22
311 294 22
339 333 22
328 245 22
328 354 22
323 286 22
333 338 22
300 231 22
300 269 22
361 360 22
362 363 23
362 324 23
362 364 23
362 365 23
362 366 23
362 367 23
362 368 23
210 369 23
210 370 23
292 355 23
292 371 23
372 369 23
372 341 23
372 373 23
372 374 23
372 370 23
375 236 23
375 333 23
375 376 23
375 377 23
375 335 23
375 343 23
340 378 23
340 323 23
355 371 23
361 342 23
361 343 23
361 344 23
361 379 23
361 346 23
361 348 23
327 380 23
327 381 23
327 291 23
327 382 23
318 316 23
318 315 23
318 319 23
383 317 23
383 242 23
324 384 23
324 323 23
324 364 23
324 365 23
324 366 23
324 367 23
324 368 23
385 386 23
385 321 23
385 387 23
385 335 23
385 350 23
385 388 23
385 389 23
390 391 23
390 392 23
390 393 23
390 394 23
368 384 23
368 323 23
368 364 23
368 365 23
368 366 23
370 373 23
370 341 23
381 291 23
381 365 23
381 353 23
294 395 23
294 379 23
353 365 23
396 397 23
396 371 23
214 398 23
214 356 23
391 265 23
391 350 23
391 393 23
391 392 23
391 389 23
391 399 23
359 316 23
359 400 23
359 376 23
377 344 23
367 363 23
367 364 23
367 365 23
367 366 23
395 360 23
395 354 23
346 344 23
346 342 23
346 343 23
350 265 23
350 315 23
350 335 23
350 388 23
350 401 23
350 389 23
343 342 23
343 376 23
343 344 23
369 360 23
369 374 23
341 373 23
341 347 23
356 317 23
356 398 23
356 402 23
401 403 23
401 404 23
401 321 23
389 386 23
389 321 23
389 335 23
389 387 23
389 388 23
389 399 23
405 347 23
397 371 23
364 363 23
364 365 23
364 366 23
236 333 23
236 392 23
236 406 23
236 335 23
351 407 23
213 265 23
213 304 23
213 315 23
213 392 23
213 282 23
382 380 23
406 392 23
315 316 23
304 265 23
323 384 23
365 366 23
388 386 23
388 321 23
388 335 23
388 387 23
335 386 23
335 319 23
335 333 23
335 321 23
335 387 23
403 387 23
403 321 23
242 317 23
376 316 23
408 321 23
342 344 23
386 321 23
386 387 23
319 316 23
319 265 23
325 344 23
282 392 23
282 366 23
402 317 23
392 393 23
321 387 23
210 409 24
210 410 24
210 340 24
210 411 24
210 412 24
210 413 24
414 415 24
414 416 24
414 320 24
414 408 24
417 395 24
417 418 24
417 419 24
417 420 24
417 421 24
422 396 24
423 424 24
423 425 24
423 426 24
427 428 24
427 407 24
427 429 24
427 430 24
427 431 24
427 432 24
433 405 24
433 434 24
433 435 24
433 436 24
415 416 24
415 437 24
415 438 24
415 439 24
415 320 24
418 395 24
418 421 24
418 419 24
418 420 24
440 391 24
440 386 24
440 385 24
441 442 24
441 323 24
441 443 24
441 444 24
445 375 24
445 315 24
445 446 24
445 447 24
372 448 24
372 411 24
375 384 24
375 446 24
375 447 24
340 378 24
340 409 24
340 413 24
340 411 24
444 323 24
444 382 24
444 442 24
444 449 24
444 443 24
450 451 24
450 452 24
450 363 24
411 413 24
411 409 24
453 454 24
453 420 24
324 420 24
455 313 24
455 456 24
455 300 24
455 457 24
455 400 24
455 458 24
459 449 24
459 460 24
459 443 24
461 462 24
461 396 24
447 446 24
447 407 24
447 386 24
447 315 24
447 428 24
447 432 24
368 395 24
432 428 24
432 407 24
432 350 24
432 429 24
432 386 24
432 430 24
432 431 24
463 242 24
463 416 24
463 401 24
464 396 24
464 465 24
429 428 24
429 407 24
429 466 24
429 430 24
429 431 24
396 465 24
396 462 24
396 214 24
467 378 24
467 379 24
467 443 24
214 468 24
214 434 24
214 405 24
214 436 24
214 469 24
470 400 24
391 386 24
391 385 24
359 471 24
359 335 24
359 323 24
359 421 24
359 472 24
359 361 24
359 395 24
442 323 24
442 443 24
449 382 24
449 443 24
449 460 24
425 424 24
425 426 24
350 428 24
350 407 24
350 335 24
350 386 24
350 385 24
379 456 24
431 428 24
431 407 24
431 466 24
431 430 24
401 439 24
401 416 24
405 468 24
405 434 24
405 436 24
405 435 24
311 242 24
473 323 24
416 320 24
410 412 24
410 409 24
361 378 24
361 428 24
361 335 24
361 471 24
361 472 24
361 474 24
361 348 24
430 428 24
430 407 24
430 466 24
452 384 24
452 363 24
452 392 24
452 406 24
452 451 24
475 428 24
475 456 24
443 378 24
443 460 24
443 323 24
348 378 24
348 476 24
348 474 24
348 477 24
409 413 24
478 479 24
465 469 24
465 468 24
434 468 24
434 436 24
434 469 24
434 435 24
451 335 24
451 363 24
300 456 24
300 400 24
378 413 24
428 407 24
428 335 24
428 456 24
428 386 24
363 384 24
363 392 24
363 406 24
480 474 24
480 477 24
480 479 24
395 266 24
395 419 24
395 420 24
395 421 24
388 384 24
481 403 24
481 482 24
437 439 24
437 438 24
468 436 24
468 469 24
403 482 24
456 400 24
454 420 24
436 435 24
408 320 24
483 424 24
438 439 24
420 421 24
420 419 24
458 317 24
458 313 24
458 426 24
386 407 24
386 335 24
386 385 24
335 385 24
400 457 24
424 426 24
426 317 24
421 419 24
392 384 24
392 406 24
406 384 24
471 472 24
474 477 24
484 485 25
484 486 25
484 487 25
484 488 25
484 489 25
484 490 25
210 378 25
210 491 25
210 410 25
210 492 25
210 493 25
210 340 25
210 488 25
210 494 25
486 485 25
486 489 25
486 488 25
486 487 25
486 490 25
495 496 25
495 497 25
495 498 25
495 455 25
447 497 25
447 455 25
447 499 25
447 500 25
447 430 25
447 501 25
447 502 25
447 503 25
504 311 25
504 470 25
504 505 25
504 242 25
504 506 25
504 458 25
504 507 25
455 508 25
455 497 25
455 471 25
455 499 25
455 500 25
455 300 25
455 430 25
455 502 25
455 509 25
455 501 25
455 496 25
455 503 25
455 510 25
455 498 25
493 494 25
493 378 25
493 340 25
493 359 25
493 472 25
493 491 25
493 492 25
433 511 25
433 512 25
433 436 25
433 513 25
418 395 25
418 514 25
418 420 25
418 363 25
515 386 25
515 516 25
515 517 25
515 518 25
515 501 25
515 502 25
515 388 25
515 385 25
501 315 25
501 388 25
501 516 25
501 386 25
501 430 25
501 385 25
501 502 25
501 517 25
501 503 25
501 519 25
501 518 25
445 508 25
445 520 25
521 395 25
521 368 25
521 363 25
372 491 25
372 494 25
372 492 25
372 340 25
487 485 25
487 489 25
487 488 25
487 490 25
340 494 25
340 359 25
340 472 25
340 522 25
444 523 25
444 522 25
444 443 25
499 497 25
499 524 25
499 508 25
499 525 25
499 500 25
499 396 25
499 400 25
499 526 25
502 527 25
502 386 25
502 407 25
502 388 25
502 335 25
502 456 25
502 517 25
502 516 25
502 528 25
502 430 25
502 518 25
502 503 25
502 385 25
450 529 25
450 452 25
507 311 25
507 470 25
507 505 25
507 530 25
507 300 25
507 506 25
507 531 25
507 400 25
507 532 25
411 533 25
534 497 25
534 535 25
534 359 25
534 536 25
534 537 25
534 498 25
525 508 25
525 526 25
525 524 25
538 405 25
538 539 25
385 315 25
385 388 25
385 516 25
385 517 25
385 386 25
385 518 25
385 503 25
385 519 25
417 368 25
417 421 25
540 483 25
540 541 25
540 317 25
540 542 25
427 431 25
427 416 25
427 407 25
368 395 25
368 421 25
543 544 25
543 545 25
543 539 25
543 546 25
543 547 25
543 548 25
543 513 25
544 545 25
544 547 25
544 436 25
544 546 25
544 511 25
544 379 25
544 539 25
544 548 25
544 513 25
549 527 25
549 550 25
549 439 25
549 551 25
549 552 25
553 554 25
553 541 25
553 555 25
553 556 25
557 429 25
557 315 25
557 386 25
557 388 25
429 315 25
429 388 25
429 386 25
558 335 25
558 315 25
558 388 25
522 523 25
522 382 25
522 443 25
512 559 25
512 511 25
512 560 25
512 471 25
512 561 25
512 359 25
512 562 25
512 513 25
214 469 25
497 535 25
497 500 25
497 498 25
497 496 25
323 537 25
516 315 25
516 388 25
516 517 25
516 386 25
516 503 25
516 519 25
516 518 25
436 379 25
555 554 25
555 541 25
555 556 25
532 470 25
532 505 25
532 530 25
532 300 25
532 531 25
532 400 25
532 563 25
548 545 25
548 547 25
548 539 25
548 546 25
548 511 25
548 379 25
548 413 25
548 513 25
527 386 25
527 407 25
527 552 25
527 335 25
527 456 25
527 550 25
527 439 25
527 528 25
527 388 25
527 551 25
559 560 25
559 471 25
559 561 25
559 359 25
559 562 25
559 421 25
489 485 25
489 488 25
489 490 25
518 386 25
518 517 25
518 388 25
379 378 25
379 545 25
379 511 25
379 413 25
379 359 25
379 513 25
401 431 25
401 416 25
401 407 25
401 528 25
494 378 25
494 491 25
494 472 25
494 492 25
494 359 25
396 355 25
396 500 25
396 564 25
396 400 25
396 565 25
396 424 25
405 539 25
566 567 25
566 568 25
566 569 25
566 570 25
566 571 25
566 572 25
492 378 25
492 491 25
573 574 25
573 575 25
503 315 25
503 430 25
503 519 25
526 567 25
526 470 25
526 524 25
526 508 25
526 456 25
526 500 25
526 576 25
526 570 25
311 470 25
311 505 25
311 242 25
311 300 25
311 506 25
311 531 25
311 400 25
416 431 25
416 407 25
554 541 25
554 556 25
382 380 25
382 523 25
382 460 25
382 420 25
511 545 25
511 413 25
511 513 25
523 443 25
452 529 25
452 363 25
529 363 25
458 242 25
551 550 25
551 439 25
551 552 25
567 571 25
567 572 25
567 355 25
567 564 25
567 576 25
567 569 25
567 577 25
567 570 25
567 568 25
315 386 25
315 388 25
315 335 25
315 519 25
578 542 25
578 317 25
470 505 25
470 524 25
470 456 25
470 242 25
470 500 25
470 300 25
470 530 25
470 531 25
470 506 25
470 579 25
300 505 25
300 530 25
300 242 25
300 531 25
300 400 25
300 510 25
576 570 25
569 572 25
569 355 25
569 564 25
569 577 25
569 570 25
569 571 25
569 568 25
498 535 25
498 496 25
378 491 25
378 488 25
355 572 25
355 564 25
355 565 25
355 577 25
355 571 25
355 568 25
546 545 25
546 539 25
546 547 25
546 513 25
363 514 25
363 395 25
363 420 25
542 317 25
542 541 25
542 483 25
508 524 25
508 471 25
539 545 25
539 547 25
539 513 25
564 572 25
564 565 25
564 577 25
564 571 25
564 568 25
395 460 25
395 421 25
395 514 25
395 420 25
413 359 25
572 577 25
572 570 25
572 571 25
572 568 25
388 407 25
388 456 25
388 528 25
388 386 25
388 517 25
388 335 25
568 577 25
568 570 25
568 571 25
437 403 25
437 531 25
437 438 25
403 482 25
403 531 25
403 438 25
560 562 25
560 561 25
242 531 25
456 386 25
456 407 25
456 524 25
456 335 25
456 500 25
456 528 25
500 524 25
550 439 25
550 552 25
537 479 25
537 359 25
537 536 25
537 474 25
359 472 25
359 471 25
359 562 25
359 536 25
359 421 25
408 552 25
483 541 25
483 400 25
483 317 25
483 580 25
530 505 25
530 531 25
505 506 25
505 531 25
505 400 25
438 531 25
438 481 25
439 552 25
420 460 25
420 514 25
420 380 25
556 541 25
581 469 25
528 386 25
528 407 25
528 335 25
570 571 25
580 424 25
580 400 25
580 426 25
490 485 25
490 488 25
386 407 25
386 517 25
386 335 25
335 407 25
335 451 25
541 317 25
479 474 25
547 545 25
547 513 25
400 563 25
577 571 25
380 460 25
424 565 25
424 426 25
575 574 25
407 431 25
431 531 25
562 471 25
562 561 25
513 545 25
421 460 25
421 471 25
485 488 25
474 477 25
484 582 26
484 583 26
484 584 26
484 487 26
484 585 26
484 485 26
484 488 26
484 448 26
484 372 26
484 486 26
210 472 26
210 586 26
210 587 26
210 340 26
486 485 26
486 487 26
486 588 26
486 488 26
486 448 26
486 372 26
486 490 26
495 589 26
495 496 26
504 530 26
504 563 26
504 590 26
504 300 26
504 591 26
504 592 26
504 510 26
455 593 26
455 594 26
455 445 26
455 595 26
455 596 26
493 494 26
493 545 26
493 597 26
493 598 26
493 379 26
493 586 26
493 599 26
493 492 26
493 546 26
493 600 26
493 601 26
493 602 26
493 603 26
493 604 26
433 605 26
433 606 26
433 436 26
315 607 26
315 608 26
315 609 26
315 335 26
315 610 26
315 517 26
315 611 26
315 385 26
315 501 26
315 612 26
315 388 26
315 613 26
589 496 26
501 607 26
501 608 26
501 503 26
501 609 26
501 517 26
501 385 26
501 509 26
501 502 26
501 388 26
445 593 26
445 594 26
445 595 26
445 596 26
517 607 26
517 608 26
517 609 26
517 611 26
517 385 26
517 612 26
517 388 26
372 488 26
372 597 26
372 598 26
372 584 26
372 614 26
372 487 26
372 582 26
372 585 26
372 340 26
372 485 26
372 583 26
372 448 26
372 604 26
615 616 26
615 617 26
615 437 26
615 618 26
615 619 26
615 620 26
608 607 26
608 503 26
608 609 26
608 385 26
608 509 26
608 502 26
608 612 26
608 388 26
621 616 26
621 617 26
621 437 26
621 618 26
621 622 26
621 619 26
621 620 26
487 485 26
487 488 26
487 448 26
487 490 26
623 439 26
623 624 26
623 625 26
340 494 26
340 597 26
340 598 26
340 614 26
340 492 26
340 472 26
340 604 26
340 601 26
444 460 26
444 443 26
588 448 26
588 490 26
588 488 26
502 607 26
502 503 26
502 509 26
626 627 26
626 628 26
626 629 26
626 630 26
626 631 26
626 450 26
628 363 26
628 391 26
628 627 26
628 629 26
628 630 26
628 450 26
628 631 26
625 527 26
625 481 26
625 624 26
625 618 26
625 439 26
625 632 26
472 586 26
633 569 26
633 577 26
633 567 26
633 556 26
385 607 26
385 609 26
385 611 26
385 612 26
385 388 26
509 634 26
509 607 26
509 363 26
509 335 26
509 503 26
509 526 26
417 395 26
417 323 26
417 497 26
417 635 26
592 590 26
592 530 26
592 510 26
592 591 26
636 575 26
636 574 26
636 497 26
636 637 26
636 451 26
636 573 26
636 631 26
563 300 26
512 562 26
638 639 26
638 469 26
638 435 26
638 640 26
605 641 26
605 561 26
605 562 26
605 606 26
605 642 26
605 643 26
605 644 26
605 645 26
396 567 26
396 483 26
396 456 26
396 569 26
396 639 26
396 571 26
396 646 26
396 568 26
545 599 26
545 436 26
545 546 26
545 647 26
545 602 26
545 603 26
545 548 26
545 648 26
649 439 26
649 650 26
649 551 26
620 616 26
620 617 26
620 437 26
620 618 26
620 622 26
620 619 26
214 435 26
616 617 26
616 437 26
616 622 26
616 619 26
616 618 26
497 451 26
497 395 26
497 323 26
584 582 26
584 583 26
584 585 26
650 403 26
650 439 26
650 624 26
650 551 26
391 450 26
391 363 26
586 379 26
586 599 26
586 600 26
586 651 26
586 603 26
586 645 26
640 639 26
640 541 26
640 435 26
436 405 26
436 652 26
436 602 26
436 379 26
436 648 26
645 561 26
645 562 26
645 651 26
645 641 26
645 642 26
591 530 26
591 590 26
591 401 26
591 510 26
418 363 26
448 485 26
448 488 26
448 490 26
548 647 26
548 602 26
548 603 26
548 599 26
527 481 26
527 618 26
527 632 26
607 503 26
607 609 26
607 612 26
607 388 26
593 520 26
593 595 26
593 596 26
593 653 26
593 594 26
593 526 26
610 335 26
610 613 26
635 323 26
379 641 26
379 599 26
379 600 26
379 652 26
379 602 26
379 603 26
453 395 26
654 416 26
654 655 26
654 552 26
654 656 26
654 657 26
654 611 26
654 439 26
654 571 26
654 401 26
654 551 26
450 627 26
450 363 26
450 629 26
450 630 26
450 658 26
450 451 26
450 631 26
494 597 26
494 598 26
494 492 26
494 604 26
494 601 26
585 582 26
585 583 26
600 599 26
600 603 26
604 597 26
604 598 26
604 614 26
604 601 26
604 492 26
632 481 26
632 618 26
602 603 26
602 599 26
602 546 26
602 652 26
602 647 26
598 597 26
598 614 26
598 492 26
598 601 26
573 574 26
573 575 26
573 658 26
573 637 26
573 631 26
503 363 26
503 335 26
631 574 26
631 627 26
631 629 26
631 630 26
631 575 26
631 637 26
631 451 26
631 658 26
572 567 26
311 483 26
311 659 26
416 655 26
416 552 26
416 656 26
416 439 26
416 571 26
655 552 26
655 656 26
655 439 26
655 571 26
357 451 26
357 612 26
594 595 26
594 596 26
643 644 26
646 569 26
646 567 26
646 483 26
646 568 26
551 656 26
551 657 26
551 611 26
551 439 26
567 568 26
567 483 26
567 556 26
567 569 26
567 577 26
567 571 26
485 488 26
525 660 26
525 595 26
300 661 26
619 617 26
619 437 26
619 622 26
619 618 26
587 662 26
587 663 26
587 664 26
583 582 26
665 420 26
665 460 26
569 483 26
569 556 26
569 577 26
569 568 26
612 609 26
612 611 26
612 451 26
612 388 26
662 663 26
662 664 26
363 335 26
323 395 26
595 596 26
595 660 26
611 656 26
611 657 26
611 388 26
630 627 26
630 629 26
564 596 26
564 666 26
564 667 26
564 508 26
564 568 26
637 575 26
637 574 26
639 435 26
668 481 26
668 618 26
668 661 26
526 634 26
526 669 26
526 335 26
526 562 26
526 653 26
526 520 26
388 609 26
670 661 26
568 667 26
568 508 26
568 483 26
568 666 26
568 596 26
661 481 26
661 618 26
603 599 26
603 647 26
403 624 26
634 335 26
657 656 26
659 483 26
601 597 26
601 492 26
437 617 26
437 622 26
437 618 26
530 590 26
530 510 26
492 597 26
656 552 26
656 439 26
656 571 26
618 617 26
618 481 26
618 622 26
622 617 26
439 571 26
439 552 26
439 624 26
420 460 26
664 663 26
556 577 26
528 335 26
642 562 26
642 641 26
642 561 26
667 508 26
667 666 26
667 596 26
667 653 26
667 660 26
490 488 26
443 460 26
552 571 26
614 597 26
335 613 26
647 599 26
660 508 26
660 666 26
660 596 26
660 653 26
520 653 26
537 474 26
575 574 26
575 658 26
641 561 26
641 562 26
590 510 26
562 561 26
562 669 26
469 435 26
574 658 26
508 666 26
508 596 26
508 653 26
627 629 26
666 596 26
666 653 26
451 658 26
596 653 26
484 485 27
484 486 27
484 585 27
484 582 27
484 488 27
484 448 27
484 490 27
210 410 27
210 485 27
210 340 27
486 485 27
486 585 27
486 582 27
486 488 27
486 372 27
486 490 27
486 671 27
495 562 27
495 641 27
495 512 27
495 496 27
455 653 27
455 500 27
455 672 27
455 666 27
493 601 27
493 597 27
493 340 27
433 673 27
485 340 27
485 488 27
485 448 27
485 490 27
537 582 27
537 585 27
537 671 27
515 608 27
515 612 27
515 674 27
515 631 27
515 517 27
372 597 27
372 582 27
372 585 27
372 340 27
372 601 27
372 448 27
675 460 27
675 676 27
608 612 27
608 517 27
676 460 27
340 597 27
340 601 27
444 677 27
678 679 27
678 680 27
678 681 27
678 682 27
678 683 27
677 460 27
626 684 27
626 685 27
626 628 27
626 686 27
626 630 27
626 687 27
685 687 27
685 628 27
685 684 27
685 686 27
628 684 27
628 686 27
628 419 27
628 687 27
633 688 27
633 555 27
633 556 27
689 690 27
385 388 27
417 574 27
417 575 27
417 636 27
417 419 27
417 635 27
417 534 27
682 661 27
682 683 27
682 681 27
682 680 27
682 679 27
636 574 27
636 575 27
636 609 27
636 335 27
636 630 27
636 631 27
684 687 27
684 686 27
512 641 27
512 496 27
638 691 27
692 693 27
606 694 27
606 603 27
616 618 27
659 661 27
659 578 27
659 541 27
659 556 27
436 695 27
436 545 27
436 694 27
436 648 27
436 603 27
448 490 27
671 582 27
671 488 27
671 585 27
527 696 27
527 551 27
527 697 27
698 699 27
674 612 27
674 631 27
686 687 27
488 490 27
700 617 27
700 701 27
700 702 27
420 703 27
420 460 27
664 587 27
585 582 27
604 601 27
604 597 27
612 631 27
612 517 27
631 609 27
631 335 27
631 388 27
526 653 27
526 642 27
526 508 27
695 545 27
410 704 27
705 706 27
705 707 27
705 708 27
551 696 27
551 697 27
567 572 27
567 568 27
597 601 27
498 496 27
508 672 27
508 560 27
508 666 27
508 647 27
508 653 27
508 642 27
708 706 27
708 707 27
683 679 27
683 680 27
683 681 27
630 574 27
603 694 27
572 568 27
388 609 27
388 335 27
670 510 27
661 481 27
661 530 27
661 680 27
661 644 27
697 696 27
560 647 27
657 617 27
657 701 27
500 672 27
500 709 27
500 666 27
500 653 27
500 691 27
680 530 27
680 681 27
680 679 27
679 681 27
691 709 27
691 672 27
691 666 27
672 666 27
672 709 27
672 653 27
530 481 27
618 696 27
709 666 27
534 635 27
534 419 27
556 688 27
556 541 27
556 555 27
642 641 27
642 472 27
642 653 27
642 669 27
706 707 27
702 617 27
702 707 27
702 699 27
702 701 27
702 517 27
335 609 27
635 419 27
648 545 27
575 574 27
641 496 27
641 669 27
517 617 27
517 707 27
517 699 27
688 555 27
699 707 27
699 617 27
472 669 27
666 653 27
617 707 27
617 701 27
663 486 28
484 710 28
484 372 28
484 490 28
484 488 28
485 340 28
485 488 28
485 711 28
486 372 28
486 711 28
495 575 28
495 669 28
495 712 28
693 673 28
693 578 28
693 713 28
578 661 28
578 672 28
578 713 28
578 709 28
578 682 28
711 488 28
711 372 28
493 604 28
493 372 28
714 715 28
551 530 28
680 678 28
680 681 28
708 706 28
635 417 28
517 674 28
517 608 28
517 713 28
517 388 28
648 545 28
648 603 28
648 606 28
648 526 28
575 636 28
575 712 28
575 669 28
691 639 28
691 713 28
608 562 28
608 609 28
608 701 28
608 388 28
676 677 28
676 716 28
676 717 28
716 677 28
716 717 28
616 510 28
616 696 28
712 636 28
712 669 28
674 388 28
674 713 28
372 604 28
372 603 28
372 710 28
372 490 28
562 636 28
562 500 28
562 701 28
562 653 28
562 672 28
678 681 28
678 530 28
718 609 28
718 388 28
718 631 28
603 545 28
603 606 28
603 490 28
603 526 28
639 713 28
553 633 28
553 541 28
553 572 28
553 568 28
526 606 28
526 545 28
526 500 28
677 717 28
568 633 28
568 541 28
568 572 28
510 696 28
510 689 28
661 644 28
661 682 28
488 490 28
719 664 28
609 631 28
720 721 28
720 707 28
633 541 28
633 572 28
500 653 28
500 672 28
698 721 28
698 707 28
669 560 28
669 701 28
541 572 28
560 701 28
636 672 28
636 653 28
672 709 28
672 653 28
530 681 28
722 664 28
388 713 28
707 721 28
713 673 28
701 653 28
606 545 28
616 696 29
485 484 29
485 723 29
484 723 29
724 725 29
673 713 29
711 372 29
493 604 29
493 340 29
726 683 29
693 691 29
693 713 29
712 636 29
712 419 29
635 419 29
635 714 29
727 728 29
648 603 29
648 729 29
648 606 29
575 495 29
669 560 29
669 604 29
730 653 29
730 500 29
730 701 29
676 717 29
731 696 29
674 718 29
674 517 29
729 603 29
729 606 29
340 664 29
718 388 29
718 517 29
718 609 29
603 606 29
603 710 29
714 419 29
714 715 29
714 495 29
388 609 29
388 701 29
388 517 29
568 572 29
555 633 29
555 572 29
633 572 29
500 701 29
419 636 29
517 609 29
732 733 29
691 713 29
707 721 29
616 683 30
484 485 30
484 372 30
484 604 30
485 340 30
485 664 30
485 372 30
712 575 30
712 714 30
578 644 30
734 710 30
735 736 30
388 737 30
388 517 30
635 714 30
714 738 30
691 693 30
691 713 30
739 740 30
340 664 30
560 669 30
568 572 30
693 713 30
500 653 30
500 701 30
738 715 30
716 664 30
701 653 30
616 551 31
616 741 31
484 742 31
484 604 31
743 653 31
734 560 31
734 710 31
734 744 31
714 745 31
746 725 31
746 693 31
745 747 31
745 748 31
749 568 31
749 572 31
749 683 31
750 715 31
747 748 31
683 644 31
683 741 31
572 568 31
560 744 31
560 604 31
560 653 31
560 710 31
560 669 31
751 752 31
604 748 31
748 710 31
748 713 31
753 744 31
753 710 31
744 710 31
741 644 31
741 551 31
713 710 31
713 693 31
725 693 31
644 551 31
616 754 32
616 741 32
568 713 32
568 572 32
644 741 32
715 755 32
741 754 32
744 734 32
754 572 32
754 713 32
713 572 32
756 572 32
757 751 32
758 759 32
760 761 33
762 763 33
762 572 33
763 572 33
762 764 34
765 766 34
766 767 34
715 768 34
734 758 34
769 768 34
769 767 34
762 770 35
761 768 35
713 764 35
769 768 35
761 771 36
761 772 36
771 772 36
762 773 36
713 773 36
774 768 36
774 775 36
776 777 37
778 779 37
780 781 37
780 777 37
781 782 37
781 777 37
770 773 37
782 775 37
783 775 37
784 785 38
786 787 38
788 789 38
788 790 38
782 791 38
792 793 38
792 775 38
783 764 38
775 794 38
775 764 38
775 793 38
795 775 39
796 797 39
796 798 39
796 799 39
800 801 39
802 799 39
802 798 39
803 804 39
798 799 39
764 786 39
805 806 40
807 808 40
796 802 41
802 809 41
802 810 42
811 800 42
812 800 43
800 813 43
814 808 44
814 815 44
814 816 44
814 817 44
818 815 44
819 820 44
819 821 44
822 823 44
824 825 44
821 820 44
817 808 44
816 826 44
827 828 45
827 829 45
827 817 45
830 831 45
830 832 45
830 833 45
814 808 45
814 834 45
814 835 45
814 836 45
814 817 45
837 838 45
837 839 45
837 840 45
837 828 45
837 841 45
837 826 45
818 824 45
818 834 45
832 831 45
832 833 45
838 841 45
842 841 45
822 843 45
822 844 45
822 845 45
846 847 45
846 839 45
846 848 45
824 849 45
850 833 45
851 852 45
851 802 45
844 845 45
853 854 45
853 855 45
853 834 45
829 828 45
829 817 45
856 802 45
856 857 45
802 852 45
802 857 45
823 833 45
817 808 45
817 828 45
852 858 45
855 854 45
855 834 45
808 834 45
808 835 45
808 836 45
835 836 45
835 834 45
847 839 45
847 848 45
833 831 45
839 840 45
839 841 45
839 848 45
858 859 45
840 841 45
834 854 45
860 808 46
861 838 46
861 862 46
861 819 46
863 838 46
863 862 46
863 864 46
863 821 46
865 831 46
866 824 46
866 867 46
868 852 46
868 869 46
868 857 46
870 835 46
870 871 46
870 850 46
870 833 46
819 862 46
819 850 46
832 872 46
832 873 46
867 828 46
867 824 46
867 874 46
838 862 46
838 864 46
838 821 46
852 859 46
852 857 46
852 869 46
852 875 46
874 828 46
874 871 46
874 824 46
876 877 46
876 878 46
879 880 46
879 881 46
882 843 46
882 883 46
824 828 46
850 884 46
850 839 46
850 855 46
881 880 46
885 886 46
885 887 46
875 888 46
875 840 46
889 856 46
889 835 46
871 835 46
871 890 46
871 891 46
869 857 46
892 893 46
856 835 46
821 894 46
878 877 46
895 808 46
887 886 46
896 833 46
891 890 46
833 831 46
840 862 46
897 841 46
864 862 46
835 890 46
819 850 47
865 839 47
865 867 47
865 833 47
898 899 47
898 900 47
898 873 47
898 901 47
898 902 47
870 902 47
832 897 47
832 821 47
867 866 47
867 833 47
897 821 47
897 893 47
903 904 47
903 817 47
843 817 47
843 833 47
821 873 47
889 893 47
905 873 47
900 902 47
901 899 47
906 855 47
855 859 47
877 907 47
908 904 47
904 909 47
910 859 48
819 839 48
911 859 48
911 839 48
911 850 48
911 867 48
912 900 48
912 913 48
898 905 48
898 914 48
915 916 48
915 859 48
915 855 48
915 917 48
915 918 48
919 907 48
919 913 48
919 833 48
832 889 48
832 833 48
920 903 48
920 921 48
920 867 48
907 879 48
907 833 48
867 903 48
867 921 48
922 908 48
874 866 48
874 923 48
874 924 48
876 925 48
843 909 48
843 926 48
926 909 48
863 899 48
863 885 48
850 839 48
850 916 48
850 859 48
850 917 48
885 905 48
885 899 48
924 866 48
924 923 48
924 927 48
928 918 48
923 866 48
923 927 48
917 916 48
929 925 48
855 918 48
921 903 48
904 817 48
904 893 48
930 903 48
866 927 48
918 859 48
899 886 48
879 893 48
925 893 48
931 932 49
931 933 49
934 935 49
934 936 49
934 919 49
937 920 49
937 938 49
939 940 49
919 935 49
919 933 49
919 936 49
941 817 49
941 942 49
832 889 49
832 943 49
915 944 49
915 918 49
915 859 49
915 855 49
915 945 49
915 946 49
920 903 49
920 921 49
920 945 49
920 938 49
867 903 49
944 918 49
944 855 49
944 946 49
885 947 49
885 905 49
936 935 49
936 933 49
936 948 49
874 908 49
918 859 49
918 855 49
918 945 49
918 949 49
918 946 49
908 904 49
950 951 49
950 903 49
950 952 49
948 935 49
948 953 49
948 933 49
954 955 49
954 879 49
954 956 49
954 957 49
954 958 49
959 802 49
959 859 49
959 928 49
943 889 49
943 960 49
943 961 49
924 923 49
924 956 49
924 927 49
947 905 49
889 960 49
889 961 49
905 914 49
900 962 49
928 802 49
928 859 49
963 964 49
963 914 49
914 964 49
951 952 49
923 956 49
923 927 49
927 965 49
927 956 49
817 942 49
966 967 49
966 930 49
953 833 49
855 903 49
855 946 49
935 933 49
933 932 49
952 903 49
930 967 49
903 945 49
960 961 49
802 859 49
859 945 49
957 955 49
957 879 49
957 925 49
879 956 49
929 961 49
968 969 50
968 970 50
968 867 50
971 972 50
931 964 50
931 960 50
931 915 50
934 936 50
937 938 50
973 949 50
973 900 50
973 962 50
974 975 50
976 977 50
976 978 50
923 908 50
923 979 50
945 944 50
945 928 50
980 981 50
980 957 50
957 981 50
957 954 50
915 964 50
920 982 50
867 983 50
867 969 50
944 972 50
944 928 50
984 956 50
843 985 50
843 904 50
926 978 50
926 986 50
926 874 50
948 936 50
949 962 50
954 981 50
987 962 50
959 859 50
943 951 50
943 961 50
956 988 50
956 989 50
905 990 50
900 962 50
951 961 50
991 908 50
929 992 50
929 993 50
970 969 50
986 978 50
975 967 50
935 994 50
935 933 50
933 994 50
993 992 50
977 978 50
965 879 50
995 996 50
997 958 50
997 998 50
958 998 50
999 979 51
1000 971 51
1001 1002 51
1003 989 51
919 933 51
919 948 51
1004 982 51
1004 1005 51
938 982 51
974 1006 51
974 1007 51
974 975 51
985 1008 51
1006 1009 51
1006 975 51
1006 967 51
1006 1007 51
1006 1010 51
1011 1012 51
1005 982 51
1007 975 51
956 933 51
967 1009 51
967 1010 51
933 948 51
1010 1009 51
991 1013 51
1014 974 52
1014 1002 52
1004 982 52
1004 930 52
1015 1016 52
1017 1018 52
1019 1020 52
1000 971 52
1021 1003 52
919 948 52
919 956 52
1022 1023 52
1011 1024 52
1011 1025 52
1011 991 52
900 949 52
1026 1027 52
1026 929 52
991 1025 52
956 948 52
964 915 52
930 982 52
1004 982 53
1015 1028 53
1015 1018 53
1022 1023 53
1022 964 53
1029 1030 53
1031 1032 53
1031 1033 53
1034 1035 53
1032 1033 53
900 1030 53
964 1023 53
1018 1028 53
1004 1036 54
1004 982 54
1004 964 54
1004 1037 54
1004 1038 54
1000 1034 54
1039 900 54
1040 982 54
919 1041 54
1042 1043 54
1044 923 54
1044 1045 54
1036 1038 54
1036 964 54
1036 1046 54
1036 982 54
1036 1037 54
1047 1048 54
964 1038 54
964 1049 54
964 1046 54
964 982 54
964 1037 54
1038 982 54
1038 1037 54
900 1030 54
1050 1030 54
1046 1049 54
1046 1037 54
982 1037 54
1037 1049 54
1051 1052 55
1052 1053 55
1054 1055 56
1056 1055 56
1057 1058 56
1057 1059 56
1060 1061 56
1060 1062 56
1063 1064 56
1062 1065 56
1058 1059 56
1066 1067 56
1054 1055 57
1068 1069 57
1070 1071 57
1070 1072 57
1073 1074 57
1063 1075 57
1076 1077 57
1076 1078 57
1079 1053 57
1053 1055 57
1080 1071 57
1077 1078 57
1081 1082 57
1083 1084 58
1070 1085 58
1086 1087 58
1088 1055 58
1089 1090 58
1079 1091 58
1092 1093 58
1094 1095 59
1094 1091 59
1094 1079 59
1096 1097 59
1096 1098 59
1096 1099 59
1096 1100 59
1096 1101 59
1102 1103 59
1102 1104 59
1105 1106 59
1105 1107 59
1105 1108 59
1105 1109 59
1105 1110 59
1105 1088 59
1098 1099 59
1098 1097 59
1098 1111 59
1098 1112 59
1098 1101 59
1113 1114 59
1113 1115 59
1116 1117 59
1116 1118 59
1119 1120 59
1119 1121 59
1122 1123 59
1122 1124 59
1125 1114 59
1125 1118 59
1125 1126 59
1125 1127 59
1128 1129 59
1128 1130 59
1128 1131 59
1111 1132 59
1111 1112 59
1111 1133 59
1111 1100 59
1134 1135 59
1134 1099 59
1134 1136 59
1137 1138 59
1137 1139 59
1133 1132 59
1133 1100 59
1088 1140 59
1088 1107 59
1088 1141 59
1101 1097 59
1101 1099 59
1101 1100 59
1142 1143 59
1095 1091 59
1095 1079 59
1095 1144 59
1130 1131 59
1130 1129 59
1145 1091 59
1146 1127 59
1135 1099 59
1135 1147 59
1135 1136 59
1131 1129 59
1148 1149 59
1148 1147 59
1150 1151 59
1150 1152 59
1153 1115 59
1126 1114 59
1126 1118 59
1126 1127 59
1079 1083 59
1079 1154 59
1079 1091 59
1155 1097 59
1155 1107 59
1109 1106 59
1109 1108 59
1109 1110 59
1156 1143 59
1157 1123 59
1124 1123 59
1147 1149 59
1099 1097 59
1099 1136 59
1118 1114 59
1118 1117 59
1118 1127 59
1104 1103 59
1107 1097 59
1158 1159 59
1158 1144 59
1160 1103 59
1160 1161 59
1055 1162 59
1108 1110 59
1108 1106 59
1110 1106 59
1115 1114 59
1152 1151 59
1152 1120 59
1114 1127 59
1140 1141 59
1144 1159 59
1121 1120 59
1105 1107 60
1163 1164 60
1163 1165 60
1163 1166 60
1163 1167 60
1088 1168 60
1088 1141 60
1088 1124 60
1146 1169 60
1146 1170 60
1146 1171 60
1172 1173 60
1172 1174 60
1172 1175 60
1172 1176 60
1172 1177 60
1165 1164 60
1165 1166 60
1165 1178 60
1165 1127 60
1165 1179 60
1165 1167 60
1165 1180 60
1181 1182 60
1181 1183 60
1079 1184 60
1079 1119 60
1079 1185 60
1079 1177 60
1079 1091 60
1079 1130 60
1166 1164 60
1166 1167 60
1178 1180 60
1178 1179 60
1178 1127 60
1186 1170 60
1186 1187 60
1186 1180 60
1186 1188 60
1186 1189 60
1143 1190 60
1184 1091 60
1184 1177 60
1184 1119 60
1191 1192 60
1191 1115 60
1191 1193 60
1194 1120 60
1194 1182 60
1194 1195 60
1194 1149 60
1194 1150 60
1127 1180 60
1127 1179 60
1149 1120 60
1149 1182 60
1149 1195 60
1149 1150 60
1175 1173 60
1175 1177 60
1176 1173 60
1176 1174 60
1196 1103 60
1196 1197 60
1132 1083 60
1185 1174 60
1185 1096 60
1185 1097 60
1185 1198 60
1185 1130 60
1185 1133 60
1185 1101 60
1119 1120 60
1119 1199 60
1119 1152 60
1119 1130 60
1119 1091 60
1122 1197 60
1122 1124 60
1200 1201 60
1200 1190 60
1201 1190 60
1202 1197 60
1202 1203 60
1155 1115 60
1204 1135 60
1205 1206 60
1182 1150 60
1182 1183 60
1182 1120 60
1182 1195 60
1179 1180 60
1177 1091 60
1177 1173 60
1189 1164 60
1189 1187 60
1189 1180 60
1189 1188 60
1123 1207 60
1123 1161 60
1180 1187 60
1180 1188 60
1197 1103 60
1197 1124 60
1188 1164 60
1188 1187 60
1150 1120 60
1150 1195 60
1137 1203 60
1100 1096 60
1100 1121 60
1198 1101 60
1207 1161 60
1208 1103 60
1208 1209 60
1210 1211 60
1210 1212 60
1096 1174 60
1096 1097 60
1096 1121 60
1213 1120 60
1097 1174 60
1097 1133 60
1083 1214 60
1083 1215 60
1192 1115 60
1192 1147 60
1192 1193 60
1101 1216 60
1217 1171 60
1168 1141 60
1170 1169 60
1215 1214 60
1130 1120 60
1120 1195 60
1103 1209 60
1211 1212 60
1152 1199 60
1164 1167 60
1164 1156 60
1193 1115 60
1171 1169 60
1218 1101 61
1218 1219 61
1105 1201 61
1163 1113 61
1140 1220 61
1140 1205 61
1140 1137 61
1140 1206 61
1140 1123 61
1221 1103 61
1221 1196 61
1221 1209 61
1088 1122 61
1088 1222 61
1088 1223 61
1224 1225 61
1224 1096 61
1224 1226 61
1224 1227 61
1228 1229 61
1228 1230 61
1228 1131 61
1228 1120 61
1228 1130 61
1228 1231 61
1172 1173 61
1172 1232 61
1172 1233 61
1172 1234 61
1079 1132 61
1079 1091 61
1079 1183 61
1079 1155 61
1186 1170 61
1186 1187 61
1186 1171 61
1186 1159 61
1186 1235 61
1186 1217 61
1222 1122 61
1222 1223 61
1236 1103 61
1236 1196 61
1236 1123 61
1237 1209 61
1233 1232 61
1233 1173 61
1227 1132 61
1227 1198 61
1227 1226 61
1227 1225 61
1230 1120 61
1230 1229 61
1230 1231 61
1191 1091 61
1191 1155 61
1159 1201 61
1159 1180 61
1149 1152 61
1149 1229 61
1175 1238 61
1175 1239 61
1175 1240 61
1175 1215 61
1231 1229 61
1231 1120 61
1220 1123 61
1220 1205 61
1220 1206 61
1220 1137 61
1196 1103 61
1132 1155 61
1119 1183 61
1122 1223 61
1226 1225 61
1226 1198 61
1192 1241 61
1192 1242 61
1192 1243 61
1162 1103 61
1162 1141 61
1162 1244 61
1162 1187 61
1240 1238 61
1240 1215 61
1155 1223 61
1155 1091 61
1205 1123 61
1205 1206 61
1205 1137 61
1179 1245 61
1179 1235 61
1179 1217 61
1189 1169 61
1123 1137 61
1123 1206 61
1180 1201 61
1188 1169 61
1188 1235 61
1188 1246 61
1137 1206 61
1247 1133 61
1248 1249 61
1198 1225 61
1203 1141 61
1096 1225 61
1096 1250 61
1251 1232 61
1251 1234 61
1101 1219 61
1245 1113 61
1135 1243 61
1135 1241 61
1238 1215 61
1243 1204 61
1243 1241 61
1181 1173 61
1181 1152 61
1235 1217 61
1235 1171 61
1217 1171 61
1170 1187 61
1170 1171 61
1091 1183 61
1130 1131 61
1174 1152 61
1174 1183 61
1152 1229 61
1152 1183 61
1103 1209 61
1241 1204 61
1234 1232 61
1229 1120 61
1173 1232 61
1246 1169 61
1131 1252 61
1187 1171 61
1141 1244 61
1220 1232 62
1220 1162 62
1220 1253 62
1105 1110 62
1105 1186 62
1105 1187 62
1105 1180 62
1105 1201 62
1254 1255 62
1236 1196 62
1236 1209 62
1196 1103 62
1249 1248 62
1173 1232 62
1173 1251 62
1192 1096 62
1192 1198 62
1243 1237 62
1243 1204 62
1243 1256 62
1228 1130 62
1162 1232 62
1240 1217 62
1131 1130 62
1172 1232 62
1172 1234 62
1256 1237 62
1256 1204 62
1245 1257 62
1223 1122 62
1223 1222 62
1155 1191 62
1217 1179 62
1219 1227 62
1232 1251 62
1232 1234 62
1232 1176 62
1186 1110 62
1222 1122 62
1159 1198 62
1110 1201 62
1110 1180 62
1180 1201 62
1227 1198 62
1187 1201 62
1234 1176 62
1218 1132 63
1218 1227 63
1229 1258 63
1113 1178 63
1259 1249 63
1119 1131 63
1152 1249 63
1196 1260 63
1196 1261 63
1196 1236 63
1201 1217 63
1261 1260 63
1261 1236 63
1209 1222 63
1162 1237 63
1253 1168 63
1253 1141 63
1256 1227 63
1260 1236 63
1155 1191 63
1155 1186 63
1186 1191 63
1192 1227 63
1091 1234 63
1176 1234 63
1262 1132 64
1152 1120 64
1263 1236 64
