0 11 35
0 5 35
0 11 35
0 15 35
0 15 35
0 15 35
0 11 35
0 11 35
0 5 35
0 5 35
0 5 35
0 11 35
0 5 35
0 11 35
0 11 35
0 11 35
0 11 35
0 11 35
0 11 35
0 11 35
0 3 35
0 13 35
0 13 35
0 5 35
0 5 35
0 11 35
3 11 36
3 14 36
3 14 36
3 11 36
3 15 36
3 5 36
3 5 36
3 13 36
3 15 36
3 5 36
3 15 36
3 11 36
3 16 36
3 15 36
3 14 36
3 11 36
3 11 36
3 15 36
3 15 36
3 15 36
3 13 36
14 18 37
14 15 37
14 15 37
14 11 37
14 11 37
14 15 37
14 5 37
14 15 37
14 15 37
14 18 37
14 5 37
14 0 37
14 15 37
14 15 37
14 15 37
14 13 37
14 11 37
14 11 37
14 11 37
14 15 37
14 11 37
14 3 37
14 3 37
14 13 37
14 3 37
14 3 37
14 3 37
14 15 37
14 3 37
5 15 38
5 15 38
5 15 38
5 16 38
5 15 38
5 15 38
5 15 38
5 16 38
5 15 38
5 0 38
5 0 38
5 0 38
5 0 38
5 0 38
5 16 38
5 15 38
5 0 38
15 5 39
15 13 39
15 13 39
15 14 39
15 1 39
15 11 39
15 13 39
15 16 39
15 5 39
15 13 39
15 5 39
15 5 39
15 14 39
15 16 39
15 5 39
15 16 39
15 16 39
15 24 39
15 13 39
15 13 39
15 13 39
15 11 39
15 11 39
15 11 39
15 11 39
15 11 39
15 11 39
15 16 39
15 16 39
15 16 39
15 11 39
11 16 40
11 16 40
11 15 40
11 15 40
11 16 40
11 5 40
11 15 40
11 13 40
11 15 40
11 15 40
11 18 40
11 18 40
11 18 40
11 18 40
11 13 40
11 16 40
11 14 40
11 15 40
11 15 40
13 16 41
13 16 41
13 16 41
13 16 41
13 14 41
13 15 41
13 0 41
13 11 41
13 15 41
13 15 41
13 16 41
13 16 41
13 15 41
13 16 41
13 0 41
13 0 41
13 5 41
13 15 41
13 16 41
13 0 41
13 0 41
13 0 41
13 15 41
13 15 41
13 15 41
13 0 41
13 0 41
14 1 42
14 15 42
14 1 42
14 15 42
14 15 42
14 16 42
14 1 42
14 13 42
14 16 42
14 18 42
14 11 42
14 13 42
14 11 42
14 1 42
14 11 42
14 13 42
14 1 42
14 1 42
14 15 42
14 11 42
14 11 42
14 11 42
14 1 42
14 11 42
14 18 42
14 18 42
14 11 42
14 11 42
14 11 42
14 11 42
14 1 42
14 1 42
14 11 42
16 5 43
16 5 43
16 5 43
16 5 43
16 5 43
16 5 43
16 5 43
16 5 43
16 5 43
16 5 43
16 5 43
16 5 43
16 5 43
16 5 43
16 5 43
16 5 43
16 5 43
3 1 44
3 1 44
3 1 44
3 17 44
3 17 44
3 17 44
3 15 44
3 5 44
3 5 44
3 11 44
3 11 44
3 11 44
3 5 44
3 11 44
3 1 44
3 5 44
3 15 44
3 11 44
3 15 44
3 11 44
3 5 44
3 15 44
3 15 44
3 15 44
3 11 44
3 15 44
3 11 44
3 5 44
3 5 44
3 15 44
15 1 45
15 1 45
15 13 45
15 11 45
15 16 45
15 13 45
15 13 45
15 16 45
15 1 45
15 11 45
15 1 45
15 11 45
15 11 45
15 11 45
15 13 45
15 13 45
15 16 45
15 16 45
15 16 45
15 11 45
15 11 45
15 11 45
15 17 45
15 11 45
17 11 46
17 3 46
17 14 46
17 18 46
17 3 46
17 3 46
17 0 46
17 0 46
17 3 46
17 3 46
17 18 46
17 3 46
17 0 46
17 16 46
17 18 46
17 16 46
17 16 46
17 3 46
17 3 46
17 3 46
17 3 46
17 3 46
17 3 46
17 16 46
17 13 46
17 14 46
17 15 46
17 15 46
17 16 46
18 15 47
18 16 47
18 15 47
18 15 47
18 15 47
18 15 47
18 1 47
18 14 47
18 1 47
18 1 47
18 1 47
18 5 47
18 14 47
18 14 47
18 1 47
18 14 47
18 14 47
18 4 47
18 14 47
18 14 47
18 14 47
18 3 47
18 14 47
18 14 47
18 14 47
18 3 47
18 14 47
18 14 47
18 3 47
18 3 47
18 14 47
18 14 47
18 13 47
18 14 47
14 15 48
14 18 48
14 18 48
14 5 48
14 3 48
14 11 48
14 15 48
14 3 48
14 15 48
14 11 48
14 18 48
14 18 48
14 18 48
14 18 48
14 18 48
14 11 48
14 18 48
14 11 48
14 11 48
14 15 48
3 11 49
3 11 49
3 11 49
3 0 49
3 11 49
3 5 49
3 15 49
3 0 49
3 15 49
3 17 49
3 17 49
3 17 49
3 0 49
3 0 49
3 0 49
3 0 49
3 0 49
3 5 49
15 0 50
15 11 50
15 13 50
15 14 50
15 0 50
15 0 50
15 11 50
15 17 50
15 17 50
15 17 50
15 11 50
15 16 50
15 17 50
15 13 50
